行政区,电子监管号,项目名称,项目位置,面积(公顷),土地来源,土地用途,供地方式,土地使用年限,行业分类,土地级别,成交价格(万元),土地使用权人,约定容积率下限,约定容积率上限,约定交地时间,约定开工时间,约定竣工时间,实际开工时间,实际竣工时间,批准单位,合同签订日期
修武县,4108212012A00330,公共管理与公共服务,丰收路北侧,1.428400,0.000000,机关团体用地,划拨,,,未评估地区,,,,,1900年01月01日,1900年01月01日,1900年01月01日,,,修武县人民政府,2012年02月17日
修武县,4108212012A00327,公共管理与公共服务,影视路北侧,4.973900,0.000000,公园与绿地,划拨,,,未评估地区,,,,,1900年01月01日,1900年01月01日,1900年01月01日,,,修武县人民政府,2012年02月17日
田东县,4510222012B00128,预拌混凝土项目,田东县石化园区一号地,1.890485,0.000000,工业用地,挂牌出让,50,砖瓦、石材及其他建筑材料制造,五级,390.0000,广西田东宏泽混凝土有限公司,0.70,0.00,2012年02月17日,2012年08月17日,2014年08月17日,,,田东县,2012年02月17日
田东县,4510222012B00116,氯化石蜡项目,田东县石化园区一号地,4.461019,0.000000,工业用地,挂牌出让,50,化学原料及化学制品制造业,五级,902.0000,广西田东盛亚科技有限公司,0.60,0.00,2012年02月17日,2012年08月17日,2014年08月17日,,,田东县,2012年02月17日
田东县,4510222012B00106,5万吨电极糊项目,田东县石化园区一号地,2.291618,0.000000,工业用地,挂牌出让,50,化学原料及化学制品制造业,五级,481.0000,广西田东金盛工贸有限公司,0.60,0.00,2012年02月17日,2012年08月17日,2014年08月17日,,,田东县,2012年02月17日
修武县,4108212012A00456,交通运输,华芳路北侧,12.187400,0.000000,公路用地,划拨,,,未评估地区,,,,,1900年01月01日,1900年01月01日,1900年01月01日,,,修武县人民政府,2012年02月17日
修武县,4108212012A00570,公共管理与公共服务,丰收路北侧,7.594800,0.000000,公共设施用地,划拨,,,未评估地区,,,,,1900年01月01日,1900年01月01日,1900年01月01日,,,修武县人民政府,2012年02月17日
田东县,4510222012B00099,高分子塑料改性剂项目,田东县石化园区一号地,3.646949,0.000000,工业用地,挂牌出让,50,化学原料及化学制品制造业,五级,757.0000,广西田东锦华化学有限公司,0.60,0.00,2012年02月17日,2012年08月17日,2014年08月17日,,,田东县,2012年02月17日
修武县,4108212012B00159,年产40套矿井提升机全自动电气控制柜项目,修武县产业集聚区武源路北侧,2.363700,0.000000,工业用地,挂牌出让,50,通用设备制造业,未评估地区,190.4958,焦作市晟翔电气有限公司,1.00,,2012年02月23日,2012年02月24日,2012年12月31日,,,修武县,2012年02月17日
修武县,4108212012A00589,交通运输,万方铝厂东侧,6.968600,0.000000,公路用地,划拨,,,未评估地区,,,,,1900年01月01日,1900年01月01日,1900年01月01日,,,修武县人民政府,2012年02月17日
诸城市,3707822012B00056,年产50万套农业收获机械项目,诸城市兴华东路东首北侧,3.328500,0.000000,工业用地,挂牌出让,50,其它,三级,1048.4775,山东阳光泰利科技有限公司,0.70,,2012年02月20日,2012年05月04日,2013年05月06日,,,诸城市,2012年02月17日
诸城市,3707822012B00060,年产50万套农业收获机械项目,诸城市兴华东路东首北侧,0.792400,0.000000,工业用地,挂牌出让,50,其它,三级,249.6060,山东阳光泰利科技有限公司,0.70,,2012年02月20日,2012年05月04日,2013年05月06日,,,诸城市,2012年02月17日
修武县,4108212012A00466,交通运输,张弓铺村东,0.118800,0.000000,公路用地,划拨,,,未评估地区,,,,,1900年01月01日,1900年01月01日,1900年01月01日,,,修武县人民政府,2012年02月17日
修武县,4108212012A00447,交通运输,黄河路南侧,0.611300,0.000000,公路用地,划拨,,,未评估地区,,,,,1900年01月01日,1900年01月01日,1900年01月01日,,,修武县人民政府,2012年02月17日
修武县,4108212012B00145,年产3700台轻型起重机项目,修武县产业集聚区狮河路南侧,0.866200,0.000000,工业用地,挂牌出让,50,通用设备制造业,未评估地区,66.2400,焦作市飞鹏机械设备有限责任公司,1.00,,2012年02月23日,2012年02月24日,2012年12月31日,,,修武县,2012年02月17日
修武县,4108212012A00888,交通运输,小营村北,4.777600,0.000000,公路用地,划拨,,,未评估地区,,,,,1900年01月01日,1900年01月01日,1900年01月01日,,,修武县人民政府,2012年02月17日
河源市本级,4416002012A00117,河源市教育服务中心大楼,新城西片区商务小区北起第一排第五栋6F号,0.108400,0.000000,机关团体用地,划拨,,国家机构,八级,326.1996,,,,2012年05月17日,2013年02月17日,2015年02月17日,,,河源市国土资源局,2012年02月17日
西安市本级,6101002012B00900,陕西名流置业有限公司住宅项目,绕城高速公路以南，新开门南路以东，12号路以北,3.249300,0.000000,其他普通商品住房用地,挂牌出让,其他商服用地40年; 其他普通商品住房用地70,房地产业,四级,16680.3268,陕西名流置业有限公司,3.00,3.50,2012年02月03日,2012年12月17日,2015年12月17日,,,西安市,2012年02月17日
且末县,6528252012A00038,且末县220kv塔中变电站建设项目,且末县塔中沙漠公路317公里处以东2.3公里,1.211900,0.000000,公共设施用地,划拨,,公共设施管理业,未评估地区,,,,0.30,2012年02月21日,2012年03月31日,2012年12月31日,,,且末县人民政府,2012年02月17日
修武县,4108212012A00311,交通运输,丰收路南侧,0.139800,0.000000,公路用地,划拨,,,三级,,,,,1900年01月01日,1900年01月01日,1900年01月01日,,,修武县人民政府,2012年02月17日
龙州县,4514232012B00026,林军补办出让,龙州县龙州镇城北路246-1号,0.015300,0.015300,其他普通商品住房用地,协议出让,70,房地产业,三级,3.3249,林军,3.00,3.00,2012年03月09日,2012年02月20日,2012年02月20日,,,龙州县,2012年02月17日
界首市,3412822012A00165,皖豫省界高速公路收费站,界首市大黄镇界阜蚌高速公路路段,1.616800,0.000000,公路用地,划拨,,道路运输业,四级,0.0000,,,,2012年03月01日,2012年03月31日,2013年03月31日,,,界首市人民政府,2012年02月17日
修武县,4108212012A00520-1,交通运输,小南坡村南,0.624100,0.000000,公路用地,划拨,,,未评估地区,,,,,1900年01月01日,1900年01月01日,1900年01月01日,,,修武县人民政府,2012年02月17日
惠州市本级,4413002012B00268,惠州五金机电综合市场,陈江五一村CJ04-03-01Z,6.318100,0.141800,其他商服用地,挂牌出让,40,仓储业,五级,4683.0000,广东瑞银昌投资有限公司,,1.20,2012年05月07日,2012年11月07日,2014年11月07日,,,惠州市,2012年02月17日
修武县,4108212012A00707,公共管理与公共服务,丰收路南侧,0.321800,0.000000,机关团体用地,划拨,,,未评估地区,,,,,1900年01月01日,1900年01月01日,1900年01月01日,,,修武县人民政府,2012年02月17日
西安市本级,6101002012B00187,西安曲江国际会展投资控股有限公司商业项目,翠华路以西、西安旺园房地产开发有限公司以南,0.261200,0.000000,其他商服用地,挂牌出让,40,房地产业,四级,1580.0000,西安曲江国际会展投资控股有限公司,4.50,5.60,2012年02月03日,2012年12月17日,2015年12月17日,,,西安市,2012年02月17日
修武县,4108212012A00290,公共管理与公共服务,海蟾大道北侧,7.456500,0.000000,公园与绿地,划拨,,,未评估地区,,,,,1900年01月01日,1900年01月01日,1900年01月01日,,,,2012年02月17日
惠州市本级,4413002012B00272,惠州五金机电综合市场,陈江五一村CJ04-03-02Z,1.661200,0.000000,其他商服用地,挂牌出让,40,仓储业,五级,1232.0000,广东瑞银昌投资有限公司,,1.20,2012年05月07日,2012年11月07日,2014年11月07日,,,惠州市,2012年02月17日
惠州市本级,4413002012B00289,惠州五金机电综合市场,陈江五一村CJ04-04-01Z,7.149800,0.000000,仓储用地,挂牌出让,50,仓储业,三级,3281.0000,广东瑞银昌投资有限公司,1.00,,2012年05月07日,2012年11月07日,2014年11月07日,,,惠州市,2012年02月17日
惠州市本级,4413002012B00290,惠州五金机电综合市场,陈江五一村CJ04-04-02Z,5.201800,0.000000,仓储用地,挂牌出让,50,仓储业,三级,2386.6000,广东瑞银昌投资有限公司,1.00,,2012年05月07日,2012年11月07日,2014年11月07日,,,惠州市,2012年02月17日
温宿县,6529222012B00038,温宿县曦隆燃气开发有限公司办公楼及住宅楼建设项目,温宿县新城区纵向主干道一以东，远期规划路一以北,0.696900,0.696900,其他普通商品住房用地,挂牌出让,70,燃气生产和供应业,二级,105.5400,温宿县曦隆燃气开发有限公司,1.00,1.40,2012年03月09日,2012年03月10日,2013年03月31日,,,温宿县,2012年02月17日
舞阳县,4111212012B00026,年产1000万双硫化鞋项目,县城青岛路与北三环路交叉口西北角,13.392160,13.392160,工业用地,挂牌出让,50,纺织服装、鞋、帽制造业,四级,1607.1000,河南宏福鞋业有限公司,1.30,0.00,2012年03月10日,2012年06月26日,2014年06月26日,,,舞阳县,2012年02月17日
修武县,4108212012A00286,公共管理与公共服务,焦修公路北侧,1.812500,0.000000,公共设施用地,划拨,,,未评估地区,,,,,1900年01月01日,1900年01月01日,1900年01月01日,,,修武县人民政府,2012年02月17日
九江市本级,3604002012B00818,九江市置地投资有限公司,体育西路延伸线西侧,6.221950,0.000000,其他普通商品住房用地,挂牌出让,其他商服用地40年; 其他普通商品住房用地70,房地产业,五级,17359.3800,九江市置地投资有限公司,2.70,2.70,2012年05月09日,2012年11月09日,2015年11月09日,,,九江市,2012年02月17日
阿拉善盟本级,1529002012B00038,临街商服楼项目,巴彦浩特土尔扈特南路东,0.004700,0.004700,其他商服用地,协议出让,24,商务服务业,二级,4.3202,王桂芝,,,2012年02月20日,1900年01月01日,1900年01月01日,,,阿拉善盟行政公署,2012年02月17日
九江市本级,3604002012B00786,九江市置地投资有限公司,体育西路延伸线西侧,4.415939,0.000000,其他普通商品住房用地,挂牌出让,其他商服用地40年; 其他普通商品住房用地70,房地产业,五级,12320.6400,九江市置地投资有限公司,2.70,2.70,2012年05月09日,2012年11月09日,2015年11月09日,,,九江市,2012年02月17日
临夏市,6229012012B00048,临夏市河发源清真食品有限责任公司用地,临夏市城郊镇祁家村,0.379400,0.000000,工业用地,挂牌出让,50,农副食品加工业,十二级,170.7000,临夏市河发源清真食品有限责任公司  马成,1.00,,2011年02月17日,2012年02月17日,2014年02月16日,,,临夏市,2012年02月17日
南安市,3505832012B00162,福建水力消防成套设备有限公司厂房及配套设施项目,溪美街道贵峰村,2.117300,0.000000,工业用地,挂牌出让,50,金属制品业,十级,494.0000,福建水力消防成套设备有限公司,0.70,0.00,2012年02月15日,2012年05月17日,2014年05月17日,,,南安市,2012年02月17日
修武县,4108212012A00486,交通运输,辛庄村北侧,2.832400,0.000000,公路用地,划拨,,,未评估地区,,,,,1900年01月01日,1900年01月01日,1900年01月01日,,,修武县人民政府,2012年02月17日
修武县,4108212012A00479,交通运输,郇塔路北侧,4.789400,0.000000,公路用地,划拨,,,未评估地区,,,,,1900年01月01日,1900年01月01日,1900年01月01日,,,修武县人民政府,2012年02月17日
鄂州市本级,4207002012B02109,鄂州市信源食品工贸有限公司,东沟镇汽李县六十村五组,0.288650,0.288650,其他商服用地,拍卖出让,40,居民服务业,十级,133.0000,鄂州市信源食品工贸有限公司,,0.50,2012年03月07日,2012年06月07日,2014年06月07日,,,鄂州市,2012年02月17日
马鞍山市本级,3405002012B00050,金家庄工业园工业用地2011-3号地块,天门大道与联合东路交叉口西南角,6.102200,6.102200,工业用地,挂牌出让,50,专用设备制造业,二级,2684.0000,中杭（马鞍山）精密橡塑有限公司,1.00,,2012年02月28日,2012年04月26日,2013年04月26日,,,马鞍山市,2012年02月17日
修武县,4108212012A00491,公共管理与公共服务,小营村北,2.119600,0.000000,公共设施用地,划拨,,,未评估地区,,,,,1900年01月01日,1900年01月01日,1900年01月01日,,,修武县人民政府,2012年02月17日
且末县,6528252012A00040,阿羌乡萨瓦尔墩定居兴牧工程（团结小区）建设用地,且末县县城以西约16公里处，北面为315国道里程1859-1860路段,89.895300,0.000000,廉租住房用地,划拨,,中国共产党机关,未评估地区,,,1.00,1.00,2012年02月21日,2012年03月31日,2013年12月31日,,,且末县人民政府,2012年02月17日
且末县,6528252012A00026,且末县粮油及农副产品批发交易市场05号（活畜市场）,且末县埃塔北路佳园小区东侧,0.941500,0.941500,公共设施用地,划拨,,社会福利业,三级,,,,0.30,2012年02月21日,2012年03月31日,2012年12月31日,,,且末县人民政府,2012年02月17日
修武县,4108212012A00510,公共管理与公共服务,青龙大道西侧,3.100100,0.000000,机关团体用地,划拨,,,四级,,,,,1900年01月01日,1900年01月01日,1900年01月01日,,,修武县人民政府,2012年02月17日
浦北县,4507222012B01365-1,泉水工业区潘玉龙木材加工业,浦北县泉水工业集中区,3.234400,2.604100,工业用地,挂牌出让,50,木材加工及木、竹、藤、棕、草制品业,未评估地区,272.0000,浦北县裕祥木业有限公司,0.80,,2012年03月27日,2012年09月27日,2013年09月26日,,,浦北县,2012年02月17日
江北区,5001052012B00046,房地产开发项目,江北区观音桥组团L分区L01-4/02、L01-3/02号宗地,3.626700,3.626700,商务金融用地,挂牌出让,40,房地产业,一级,79488.0000,重庆中鹏实业有限公司、新华信托股份有限公司,1.00,4.50,2012年02月29日,2012年08月31日,2014年08月31日,,,重庆市,2012年02月17日
普格县,5134282012A00040,普格县民政救灾仓库,普基镇正街村一组,0.400000,0.000000,仓储用地,划拨,,仓储业,未评估地区,,,,,1900年01月01日,1900年01月01日,1900年01月01日,,,四川省人民政府,2012年02月17日
普格县,5134282012A00039,普格县粮食储备库,普格县普基镇正街村三组,1.000000,0.000000,仓储用地,划拨,,仓储业,未评估地区,,,,,1900年01月01日,1900年01月01日,1900年01月01日,,,四川省人民政府,2012年02月17日
修武县,4108212012A00505,公共管理与公共服务,斗武路东侧,0.345400,0.000000,机关团体用地,划拨,,,未评估地区,,,,,1900年01月01日,1900年01月01日,1900年01月01日,,,修武县人民政府,2012年02月17日
普格县,5134282012A00029,普格县民族中学扩建,普格县普基镇文倡村三组,3.322600,0.000000,科教用地,划拨,,教育业,未评估地区,,,,,1900年01月01日,1900年01月01日,1900年01月01日,,,四川省人民政府,2012年02月17日
普格县,5134282012A00019,普格县殡仪馆,普基镇正街村一组,2.197500,0.000000,殡葬用地,划拨,,其他服务业,未评估地区,,,,,1900年01月01日,1900年01月01日,1900年01月01日,,,四川省人民政府,2012年02月17日
红山区,1504022012B00011,赤峰市万众通供暖有限责任公司,内蒙古红山物流园区,0.206300,0.000000,仓储用地,挂牌出让,40,零售业,六级,61.8987,赤峰市万众通供暖有限责任公司,0.50,2.00,2012年02月24日,2012年06月01日,2013年11月30日,,,赤峰市红山区,2012年02月17日
英德市,4418812012A00374,110千伏连江（红溪）输变电工程,英德市连江口镇大樟坝北面连江口第二小学西侧,0.356100,0.356100,公共设施用地,划拨,,公共设施管理业,二级,,,2.00,,2012年02月17日,2013年02月17日,2015年02月17日,,,英德市人民政府,2012年02月17日
衡阳市本级,4304002012A01667,蒸德家园保障性住房,蒸湘区雨母山乡湘桂村,24.680900,0.000000,经济适用住房用地,划拨,,房地产业,一级,,,1.69,,2012年02月17日,2012年02月17日,2013年02月17日,,,湖南省人民政府,2012年02月17日
修武县,4108212012A00590,公共管理与公共服务,青龙大道西侧,7.363800,0.000000,公园与绿地,划拨,,,四级,,,,,1900年01月01日,1900年01月01日,1900年01月01日,,,修武县人民政府,2012年02月17日
英德市,4418812012A00363,廉租住房和公共租赁住房,英德市英城环城新村十六幢一号,0.100100,0.100100,廉租住房用地,划拨,,租赁业,二级,,,1.00,3.20,2012年02月17日,2013年02月17日,2015年02月17日,,,英德市人民政府,2012年02月17日
梅江区,4414022012B00425,林玉珍,城北梅正路,0.001900,0.001900,其他普通商品住房用地,协议出让,70,房地产业,一级,0.1410,林玉珍,,,2012年02月17日,1900年01月01日,1900年01月01日,,,梅州市,2012年02月17日
任丘市,1309822012B00024,河北兴洲电缆有限公司特种电缆（耐高温电线电缆）项目,任丘市三坊村北、津保路南侧,0.963900,0.000000,工业用地,挂牌出让,50,其它,五级,675.0000,河北兴洲电缆有限公司,,1.50,2012年04月13日,1900年01月01日,1900年01月01日,,,任丘市,2012年02月17日
龙海市,3506812012B00075,龙海市德财食品有限公司,浮宫镇霞兴村,1.236200,0.000000,工业用地,挂牌出让,50,食品制造业,九级,228.5000,龙海市德财食品有限公司,1.00,0.00,2012年04月17日,2012年08月17日,2014年08月17日,,,漳州市,2012年02月17日
马鞍山市本级,3405002012B00042,金家庄工业园工业用地2011-2号地块,天然路与金水路交叉口东北角,2.084517,0.000000,工业用地,挂牌出让,50,专用设备制造业,二级,806.0000,安徽航天环境工程有限公司,1.00,0.00,2012年03月15日,2012年05月01日,2013年05月01日,,,马鞍山市,2012年02月17日
河间市,1309842012B00066,凯瑞化工股份有限公司,故仙乡西留庄村东侧,2.609400,0.000000,工业用地,挂牌出让,50,化学原料及化学制品制造业,未评估地区,352.2600,凯瑞化工股份有限公司,0.60,,2012年03月07日,2013年03月30日,2015年03月30日,,,河间市,2012年02月17日
修武县,4108212012A00859,交通运输,丰收路北侧,0.559800,0.000000,公路用地,划拨,,,未评估地区,,,,,1900年01月01日,1900年01月01日,1900年01月01日,,,修武县人民政府,2012年02月17日
莱芜市本级,3712002012B05169,住宅楼,汶源东大街200号,0.004700,0.004700,其他普通商品住房用地,协议出让,70,房地产业,三级,1.8375,许宝骞,,2.00,1900年01月01日,1900年01月01日,1900年01月01日,,,莱芜市,2012年02月17日
定陶县,3717272012B00028,菏泽嘉宏脱水食品有限公司,位于定陶县半堤镇半堤集南侧薛庄村。,3.358700,0.000000,工业用地,挂牌出让,50,农副食品加工业,三级,410.0000,菏泽嘉宏脱水食品有限公司,1.00,,2012年02月17日,2012年04月16日,2013年04月15日,,,定陶县,2012年02月17日
浦北县,4507222012B01330,县城烈士纪念碑东南向加油站,浦北县城烈士纪念碑东南向,0.253400,0.253400,批发零售用地,挂牌出让,40,零售业,未评估地区,380.0000,中国石油天然气股份有限公司广西销售分公司,,1.00,2012年04月17日,2013年04月17日,2014年04月16日,,,浦北县,2012年02月17日
修武县,4108212012A00835,公共管理与公共服务,蔡坡村南,2.495600,0.000000,公共设施用地,划拨,,,未评估地区,,,,,1900年01月01日,1900年01月01日,1900年01月01日,,,修武县人民政府,2012年02月17日
修武县,4108212012A00846,交通运输,华芳路南侧,0.293600,0.000000,公路用地,划拨,,,未评估地区,,,,,1900年01月01日,1900年01月01日,1900年01月01日,,,修武县人民政府,2012年02月17日
长乐市,3501822012B00236,厂房及附属设施,长乐市航空港工业集中区,3.101500,0.000000,工业用地,挂牌出让,50,食品制造业,未评估地区,521.0240,明一(福建)婴幼儿营养品有限公司,1.00,0.00,2012年08月17日,2013年08月17日,2014年08月17日,,,长乐市,2012年02月17日
梅江区,4414022012B00413,林美珍,城北梅正路,0.001900,0.001900,其他普通商品住房用地,协议出让,70,房地产业,一级,0.1410,林美珍,,,2012年02月17日,1900年01月01日,1900年01月01日,,,梅州市,2012年02月17日
修武县,4108212012A00270,公共管理与公共服务,云台大道七贤镇段西侧,0.515600,0.000000,机关团体用地,划拨,,,未评估地区,,,,,1900年01月01日,1900年01月01日,1900年01月01日,,,,2012年02月17日
67团,6604072012B00065,六十七团于兵商用房,农四师67团团部,0.029700,0.029700,批发零售用地,挂牌出让,40,零售业,十四等级,3.6234,于兵,1.20,1.50,2012年03月30日,2012年04月30日,2013年10月30日,,,新疆生产建设兵团农四师,2012年02月17日
大庆市本级,2306002012B02582-1,运龙保安护运项目,大庆高新技术产业开发区,2.033870,0.000000,仓储用地,挂牌出让,50,仓储业,三级,357.0000,黑龙江省润龙保安护运有限公司,0.70,,2012年02月29日,2012年02月29日,2014年02月28日,,,大庆市,2012年02月17日
红山区,1504022012B00028,赤峰瑞达供暖供水设备有限公司,内蒙古红山物流园区,0.122900,0.000000,仓储用地,挂牌出让,40,零售业,六级,36.8820,赤峰瑞达供暖供水设备有限公司,0.50,2.00,2012年02月24日,2012年06月01日,2013年11月30日,,,赤峰市红山区,2012年02月17日
修武县,4108212012A00877,公共管理与公共服务,方武路东侧,22.291100,0.000000,公共设施用地,划拨,,,未评估地区,,,,,1900年01月01日,1900年01月01日,1900年01月01日,,,修武县人民政府,2012年02月17日
宜黄县,3610262012B00032,星泰纸业,宜黄县工业园区,3.492600,0.000000,工业用地,挂牌出让,50,造纸及纸质品业,五级,209.5600,宜黄县星泰纸业有限公司,0.80,,2012年03月02日,2012年03月03日,2014年03月02日,,,宜黄县,2012年02月17日
东坡区,5114022012B00027-3,南车眉山车辆有限公司,东坡区崇仁镇,7.354000,0.000000,工业用地,挂牌出让,50,铁路运输设备制造,十二级,887.0000,南车眉山车辆有限公司,1.00,,2012年03月20日,2012年09月20日,2014年09月19日,,,眉山市东坡区,2012年02月17日
河间市,1309842012B00095-1,河间市世纪阳光房地产综合开发有限公司,河间市阳光房地产综合开发有限公司北侧原瀛州镇山张庄村,6.131400,0.000000,其他普通商品住房用地,挂牌出让,70,房地产业,三级,11496.2500,河间市世纪阳光房地产综合开发有限公司,1.00,2.50,2012年03月20日,2013年03月01日,2015年03月01日,,,河间市,2012年02月17日
清城区,4418022012B00082,清远市兴成铝业有限公司,清远市清城区石角镇沙步村、界牌村委会辖区,3.740300,0.000000,工业用地,挂牌出让,50,废弃资源和废旧材料回收加工业,八级,943.0000,清远市兴成铝业有限公司,1.00,1.00,2012年03月07日,2013年02月07日,2016年02月07日,,,清远市,2012年02月17日
石家庄市本级,1301002012B00099,石家庄鸿瑞杰生房地产开发有限公司,北至福利院，南至槐安西路，西至时光供热公司，东至福利巷,7.685100,5.575400,其他普通商品住房用地,挂牌出让,70,房地产业,一级,31100.0000,石家庄鸿瑞杰生房地产开发有限公司,1.00,3.50,2012年09月13日,2013年09月13日,2016年09月12日,,,石家庄市,2012年02月17日
九江市本级,3604002012B00525,九江市置地投资有限公司,莲花镇妙智村,5.878350,0.000000,廉租住房用地,挂牌出让,70,房地产业,五级,11727.9400,九江市置地投资有限公司,2.00,2.00,2012年03月09日,2013年03月08日,2014年03月08日,,,九江市,2012年02月17日
文登市,3710812012B00087,天福实业,文登市环山路北、瑞祥家园南,1.393500,1.393500,中低价位、中小套型普通商品住房用地,拍卖出让,其他商服用地40年; 中低价位、中小套型普通商品住房用地70,房地产业,一级,1998.0400,山东省文登市天福实业总公司,1.00,1.55,2012年02月07日,2013年02月07日,2016年02月07日,,,文登市,2012年02月17日
石家庄市本级,1301002012B00086,北京京铁房地产开发公司石家庄分公司,民心河东、新华路南、中山路北、水产西街西,3.516900,1.779200,其他普通商品住房用地,挂牌出让,70,房地产业,一级,10000.0000,北京京铁房地产开发公司石家庄分公司,1.00,2.35,2012年05月08日,2013年05月08日,2016年05月07日,,,石家庄市,2012年02月17日
徽县,6212272012A00040,水阳初级中学校舍安全工程项目,水阳乡牟坝村牟坝社,0.017800,0.017800,科教用地,划拨,,教育业,五级,0.0000,,,,2012年02月26日,2012年03月01日,2012年10月31日,,,徽县人民政府,2012年02月17日
修武县,4108212012A00569,公共管理与公共服务,丰收路南侧,5.691100,0.000000,公共设施用地,划拨,,,未评估地区,,,,,1900年01月01日,1900年01月01日,1900年01月01日,,,修武县人民政府,2012年02月17日
北塔区,4305112012B00012,左接民,北塔区新滩镇,0.008800,0.008800,其他普通商品住房用地,协议出让,40,房地产业,三级,0.6548,左接民,,,1900年01月01日,1900年01月01日,1900年01月01日,,,邵阳市,2012年02月17日
石家庄市本级,1301002012B00076,石家庄众凯房地产开发有限公司,南二环以南、东二环以西,27.510100,0.000000,其他普通商品住房用地,挂牌出让,70,房地产业,一级,60000.0000,石家庄众凯房地产开发有限公司,1.00,3.00,2012年09月13日,2013年09月13日,2016年09月12日,,,石家庄市,2012年02月17日
石家庄市本级,1301002012B00064,河北润龙房地产开发有限公司,东至市农机总公司、西至怡然雅居小区、南至东平路、北至市国土局,1.472800,1.386100,其他普通商品住房用地,挂牌出让,70,房地产业,一级,11450.0000,河北润龙房地产开发有限公司,1.00,2.70,2012年05月08日,2013年05月08日,2016年05月07日,,,石家庄市,2012年02月17日
文登市,3710812012B00072,颐圣养生养老,文登市南海新区干渠西、海景路北,6.400900,6.400900,中低价位、中小套型普通商品住房用地,拍卖出让,中低价位、中小套型普通商品住房用地70年; 其他商服用地40,房地产业,二级,6595.8870,威海颐圣养生养老置业有限公司,1.00,1.20,2012年02月08日,2013年02月08日,2016年02月08日,,,文登市,2012年02月17日
环翠区,3710022012B00498,威海怡和专用设备制造股份有限公司教育科研用地,环翠区张村镇思素祥贸易有限公司西,3.578100,0.000000,科教用地,挂牌出让,50,科技交流和推广服务业,三级,1090.6049,威海怡和专用设备制造股份有限公司,1.05,1.05,2012年02月22日,2012年08月22日,2014年02月22日,,,威海市,2012年02月17日
大连市本级,2102002012B08193,住宅、公寓、公建,中山区解放路西、八一路两侧,2.682500,2.682500,其他普通商品住房用地,挂牌出让,70,房地产业,二级,56000.0000,大连荣泰房地产开发有限公司,1.00,3.00,2012年07月17日,2013年02月20日,2016年02月19日,,,大连市,2012年02月17日
徽县,6212272012A00036,大河乡柳树小学校舍安全工程项目,徽县大河乡柳树村柳树社,0.038100,0.038100,科教用地,划拨,,教育业,未评估地区,0.0000,,,,2012年02月26日,2012年03月01日,2012年12月31日,,,徽县人民政府,2012年02月17日
包头市本级,1502002012A00161,包头市晶瑞物业管理有限责任公司锅炉房,建华路东、建设路北,1.999100,1.999100,公共设施用地,划拨,,其他服务业,三级,,,,,2012年02月21日,1900年01月01日,1900年01月01日,,,包头市人民政府,2012年02月17日
修武县,4108212012A00558,交通运输,焦辉路南侧,1.333300,0.000000,公路用地,划拨,,,未评估地区,,,,,1900年01月01日,1900年01月01日,1900年01月01日,,,修武县人民政府,2012年02月17日
修武县,4108212012A00267,交通运输,文华路西侧,0.297500,0.000000,公路用地,划拨,,,二级,,,,,1900年01月01日,1900年01月01日,1900年01月01日,,,修武县人民政府,2012年02月17日
闽侯县,3501212012B00375,福建海峡工程机械设备有限公司,祥谦镇琯前村、凤港村、洋下村、双龙村,21.996300,0.000000,工业用地,挂牌出让,50,通用设备制造业,十一级,5281.1200,福建海峡工程机械设备有限公司,1.00,,2012年02月17日,2012年02月24日,2012年03月01日,,,闽侯县,2012年02月17日
文登市,3710812012B00068,盛林置业,文登市开发区香山路东、美达羊毛衫北,0.371700,0.371700,中低价位、中小套型普通商品住房用地,拍卖出让,中低价位、中小套型普通商品住房用地70年; 其他商服用地40,房地产业,三级,249.9840,文登市盛林置业有限公司,1.00,2.20,2012年02月07日,2013年02月07日,2016年02月07日,,,文登市,2012年02月17日
徽县,6212272012A00029,泥阳镇初级中学农村寄宿制改造项目,徽县泥阳镇江武公路旁,0.025100,0.025100,科教用地,划拨,,教育业,未评估地区,0.0000,,,,2012年02月26日,2012年03月01日,2012年12月31日,,,徽县人民政府,2012年02月17日
331021012,3310212012B00116,郑永传住宅用地划拨补办出让,大麦屿街道永安小区,0.005600,0.005600,其他住房用地,协议出让,70,房地产业,十一级,15.5939,徐崇录、林仙叶,,,1900年01月01日,1900年01月01日,1900年01月01日,,,玉环县,2012年02月17日
鄂州市本级,4207002012B00419-1,丰硕园置业,寿昌大道与滨湖东路交叉处东南角、纪委西侧,2.197400,0.000000,其他普通商品住房用地,挂牌出让,其他商服用地40年; 其他普通商品住房用地70,房地产业,九级,2203.0000,湖北丰硕园置业有限公司,1.00,2.50,2012年03月07日,2012年10月07日,2014年10月07日,,,鄂州市,2012年02月17日
莱芜市本级,3712002012B05157,住宅楼,凤城东大街以南,0.005900,0.005900,其他普通商品住房用地,协议出让,70,房地产业,二级,3.3334,王玉良,,2.14,1900年01月01日,1900年01月01日,1900年01月01日,,,莱芜市,2012年02月17日
长乐市,3501822012B00206,厂房及附属设施,长乐市金峰镇首台村、锦凤村；潭头镇岭南村,1.073300,0.000000,工业用地,挂牌出让,50,纺织服装、鞋、帽制造业,未评估地区,193.2000,长乐春岛针织有限公司,0.80,,2012年08月17日,2013年08月17日,2014年08月17日,,,长乐市,2012年02月17日
67团,6604072012B00048,六十七团古江华商用房,农四师六十七团团部,0.122500,0.122500,批发零售用地,拍卖出让,40,零售业,十四等级,14.9450,古江华,0.60,0.80,2012年03月30日,2012年04月30日,2013年10月30日,,,新疆生产建设兵团农四师,2012年02月17日
且末县,6528252012A00016,且末县粮油及农副产品批发交易市场04号（建材市场）,且末县埃塔北路佳园小区东侧,1.695700,1.695700,公共设施用地,划拨,,社会福利业,三级,,,,0.30,2012年02月21日,2012年03月31日,2012年12月31日,,,且末县人民政府,2012年02月17日
新兴县,4453212012B00228,房改房,新城镇,0.002500,0.002500,其他普通商品住房用地,协议出让,58,房地产业,二级,0.3890,余家扬,,,2012年02月17日,1900年01月01日,1900年01月01日,,,新兴县,2012年02月17日
恩施市,4228012012B12830,廖一兵 谢静,小渡船街道办事处小渡船路49号,0.001800,0.001800,其他普通商品住房用地,协议出让,70,房地产业,一级,0.6738,廖一兵 谢静,,,1900年01月01日,1900年01月01日,1900年01月01日,,,恩施市,2012年02月17日
修武县,4108212012A00546,公共管理与公共服务,华芳路南侧,1.301300,0.000000,公共设施用地,划拨,,,未评估地区,,,,,1900年01月01日,1900年01月01日,1900年01月01日,,,修武县人民政府,2012年02月17日
察哈尔右翼前旗,1509262012B00048,建设三岔口乡半号地加油站项目,察右前旗三岔口乡半号地村、110国道东侧,0.450000,0.000000,其他商服用地,挂牌出让,40,零售业,十五等级,36.0000,中国石油化工股份有限公司内蒙古乌兰察布石油分公司,0.80,1.20,2012年03月19日,2012年03月26日,2013年03月29日,,,察右前旗,2012年02月17日
临安市,3301852012B02341,朱兴龙、马顺飞,马溪公寓南侧地块,0.133500,0.000000,中低价位、中小套型普通商品住房用地,挂牌出让,70,房地产业,十一级,384.4800,朱兴龙、马顺飞,1.00,2.20,2012年05月27日,2013年05月27日,2016年05月26日,,,临安市,2012年02月17日
临安市,3301852012B02385,周洪明,锦城街道竹林地块,0.050500,0.000000,中低价位、中小套型普通商品住房用地,挂牌出让,普通商品住房用地70年; 其他商服用地40,房地产业,十一级,160.0850,周洪明,1.00,3.50,2012年05月27日,2013年05月27日,2016年05月26日,,,临安市,2012年02月17日
徽县,6212272012A00017,麻沿乡初级中学农村寄宿制改造项目,徽县麻沿乡麻沿村河东社,0.030000,0.030000,科教用地,划拨,,教育业,未评估地区,0.0000,,,,2012年02月26日,2012年03月01日,2012年10月31日,,,徽县人民政府,2012年02月17日
修武县,4108212012A00534,公共管理与公共服务,华芳路南侧,11.449000,0.000000,公共设施用地,划拨,,,未评估地区,,,,,1900年01月01日,1900年01月01日,1900年01月01日,,,修武县人民政府,2012年02月17日
中山市,4420002012B00376,房地产开发,中山市港口镇民主社区,2.324280,2.324280,其他普通商品住房用地,挂牌出让,70,房地产业,五级,3521.2842,中山市港口镇诚和城镇建设投资发展有限公司,1.00,2.50,2012年04月27日,2013年04月27日,2015年04月27日,,,中山市,2012年02月17日
大理市,5329012012B00104,划拨补办,大理市下关镇龙泉村一组,0.014300,0.014300,其他普通商品住房用地,协议出让,,居民服务业,三级,2.4169,朱顺安,,,1900年01月01日,1900年01月01日,1900年01月01日,,,大理市,2012年02月17日
修武县,4108212012A00250,公共管理与公共服务,斗武路西侧,0.983800,0.000000,公园与绿地,划拨,,,一级,,,,,1900年01月01日,1900年01月01日,1900年01月01日,,,修武县人民政府,2012年02月17日
宝坻区,1201152012A01914,天津市宝坻区人民检察院办案和专业技术用房,宝坻区宝平街道办,1.562210,0.000000,机关团体用地,划拨,,公共设施管理业,未评估地区,0.0000,,0.00,2.00,2012年02月17日,2013年02月17日,2015年02月16日,,,宝坻区人民政府,2012年02月17日
朝阳区,1101052012A00014,立水桥公交站,朝阳区立水桥西路与中滩村南三街交叉口东南角,0.199100,0.199100,公共设施用地,划拨,,城市公共交通业,六级,,,,0.40,2012年02月17日,2012年08月17日,2014年02月17日,,,北京市朝阳区人民政府,2012年02月17日
肇庆市本级,4412002012B00277,肇庆新奥燃气有限公司,肇庆高新区罗湖片区，珠外环高速以南,1.166300,0.000000,公共设施用地,协议出让,50,燃气生产和供应业,十级,279.9135,肇庆新奥燃气有限公司,,1.00,2012年01月24日,2013年01月24日,2014年01月24日,,,肇庆市,2012年02月17日
闽侯县,3501212012B00178,福建兆元光电有限公司,南屿镇福州市生物医药和机电产业园,16.866700,0.000000,工业用地,挂牌出让,50,通讯设备、计算机及其他电子设备制造业,十一级,5062.0000,福建兆元光电有限公司,0.60,,2012年04月30日,2012年04月30日,2013年04月29日,,,闽侯县,2012年02月17日
随州市本级,4213002012A00050,湖北晨鑫实用技术公司、市文峰房地产公司、市双桥家具公司代征道路用地,随州市北郊星光社区、周家寨村，东城文峰塔社区，南郊马家榨社区,1.880000,0.000000,公路用地,划拨,,公共设施管理业,一级,,,,1.00,1900年01月01日,1900年01月01日,1900年01月01日,,,省国土资源厅、随州市人民政府,2012年02月17日
文山县,5326212012B00119,2010-D-10,开化镇城南片区,0.460700,0.000000,仓储用地,挂牌出让,50,仓储业,一级,293.4659,文山恒丰房地产开发有限责任公司,3.00,3.00,2012年03月01日,2012年03月10日,2013年03月10日,,,文山州,2012年02月17日
九江市本级,3604002012B00519,九江市置地投资有限公司,环湖二路,2.000000,0.000000,廉租住房用地,挂牌出让,廉租住房用地70年; 其他商服用地40,房地产业,四级,7230.0000,九江市置地投资有限公司,3.00,3.00,2012年03月09日,2013年03月08日,2014年03月08日,,,九江市,2012年02月17日
龙胜各族自治县,4503282012B00278,住宅楼,和平乡供销社保鲜仓副食品仓库、文具门市,0.032400,0.032400,其他普通商品住房用地,挂牌出让,70,住宿业,一级,20.1500,杨绍勤、龙延香,,,2012年02月17日,2012年02月17日,2014年02月17日,,,龙胜各族自治县人民政府,2012年02月17日
滦平县,1308242012B00013,年产50000吨输送自动化成套设备生产线建设项目,滦平县张百湾镇张百湾村原化肥厂,2.896900,2.896900,工业用地,拍卖出让,50,通用设备制造业,一级,682.0000,承德美的输送自动化有限公司,0.70,,2012年03月16日,2012年03月17日,2013年03月16日,,,滦平县,2012年02月17日
武安市,1304812012B00284,居住用地,武安市西环路1151号,1.530742,1.530742,中低价位、中小套型普通商品住房用地,拍卖出让,70,房地产业,三级,1920.0000,邯郸市志强房地产开发有限公司,1.00,3.50,2012年08月01日,2013年05月01日,2015年10月01日,,,武安市,2012年02月17日
惠城区,4413022012B00648,潘胜光申请划拨土地使用权补出让,马安镇新乐村住宅区D83号,0.010800,0.010800,其他普通商品住房用地,协议出让,70,房地产业,八级,6.0696,潘胜光,,,2012年02月17日,1900年01月01日,1900年01月01日,,,惠州市,2012年02月17日
修武县,4108212012A00242,公共管理与公共服务,竹林大道西侧,1.836400,0.000000,公园与绿地,划拨,,,三级,,,,,1900年01月01日,1900年01月01日,1900年01月01日,,,修武县人民政府,2012年02月17日
桃江县,4309222012B00117,桃江县江北大市场,三堂街镇同杉路东侧,3.132780,0.000000,批发零售用地,拍卖出让,40,房地产业,三级,1219.8000,湖南省红都置业投资有限责任公司,1.50,1.80,2012年04月16日,2013年02月16日,2015年02月16日,,,桃江县,2012年02月17日
普格县,5134282012A00052-1,普格县五道箐乡中心校,普格县五道箐乡洛果村二组,2.872500,0.000000,科教用地,划拨,,教育业,未评估地区,,,,3.00,2012年02月20日,2012年03月20日,2012年12月31日,,,四川省人民政府,2012年02月17日
冷水江市,4313812012B00280,综合生活小区,城东生态城,6.998000,0.000000,其他普通商品住房用地,挂牌出让,其他商服用地40年; 其他普通商品住房用地70,房地产业,三级,6300.0000,冷水江市东兴房地产开发有限责任公司,1.01,2.60,2012年08月17日,2013年08月17日,2015年08月16日,,,冷水江市,2012年02月17日
东陵区,2101122012B00089,普洛斯（浑南）现代产业园二期项目,沈阳市浑南新区,4.338007,0.000000,工业用地,挂牌出让,50,工艺品及其他制造业,四级,2819.7046,沈阳普南仓储有限公司,0.80,0.00,2012年02月11日,2013年02月11日,2016年02月11日,,,沈阳市,2012年02月17日
福清市,3501812012B01407-1,2012工业挂-02号（土地发展中心工业储备地2011-012号）,元洪投资区,22.269100,0.000000,工业用地,挂牌出让,50,棉、化纤纺织及印染精加工,一级,4542.8964,福建省宏港纺织科技有限公司,0.80,1.20,2012年02月16日,2012年10月16日,2015年08月16日,,,福清市,2012年02月17日
文山县,5326212012B00125,2010-D-11,开化镇城南片区,0.771800,0.000000,仓储用地,挂牌出让,50,仓储业,一级,487.0058,文山恒丰房地产开发有限责任公司,,3.00,2012年03月01日,2012年03月10日,2013年03月10日,,,文山州,2012年02月17日
民权县,4114212012B00090,2011-75号宗地,和平路南侧、博爱路东侧,2.836700,0.000000,中低价位、中小套型普通商品住房用地,挂牌出让,其他商服用地40年; 中低价位、中小套型普通商品住房用地70,房地产业,三级,5800.0000,河南永林置业有限公司,2.00,3.50,2012年04月03日,2012年10月30日,2015年05月22日,,,民权县,2012年02月17日
肥西县,3401232012B00048,合肥三和管桩有限公司,严店乡,6.434400,6.434400,工业用地,挂牌出让,50,其它,十级,1080.9792,合肥三和管桩有限公司,1.00,,2012年03月08日,2012年04月16日,2013年04月15日,,,安徽省肥西县,2012年02月17日
浦北县,4507222012B01350,李春福 PB2011-041号,浦北县泉水工业集中区,0.570800,0.484900,工业用地,挂牌出让,50,农副食品加工业,未评估地区,48.0000,李春福,1.00,,2012年03月27日,2012年09月27日,2013年09月26日,,,浦北县,2012年02月17日
荣成市,3710822012B00048,工业,石岛管区峨石山路北,6.175000,3.856100,工业用地,挂牌出让,50,农副食品加工业,三级,1133.4139,荣成泰祥食品股份有限公司,1.00,1.01,2012年08月16日,2012年08月17日,2014年08月27日,,,荣成市,2012年02月17日
城区,1403022012B00137,银龙苑小区物业管理房,开发区泉中北路西侧,0.009500,0.009500,其他普通商品住房用地,协议出让,70,房地产业,一级,5.9948,阳泉市福祥房地产开发有限公司,2.50,2.60,2012年02月29日,2012年12月30日,2013年12月30日,,,阳泉市,2012年02月17日
修武县,4108212012A00237,公共管理与公共服务,斗武路西侧,1.018700,0.000000,公园与绿地,划拨,,,二级,,,,,1900年01月01日,1900年01月01日,1900年01月01日,,,修武县人民政府,2012年02月17日
宣化县,1307212012B00028,河北盛华北方循环经济氯碱基地项目,梅家营村,11.333300,0.000000,工业用地,挂牌出让,50,化学原料及化学制品制造业,未评估地区,1155.9966,河北盛华化工有限公司,0.60,,2012年02月29日,2012年04月29日,2013年09月30日,,,宣化县,2012年02月17日
宣化县,1307212012B00036,河北盛华北方循环经济氯碱基地项目,梅家营村,9.350000,0.000000,工业用地,挂牌出让,50,化学原料及化学制品制造业,未评估地区,953.7000,河北盛华化工有限公司,0.60,,2012年02月29日,2012年04月29日,2013年09月30日,,,宣化县,2012年02月17日
宁海县,3302262012B00932-2,新建商品房,西店镇崔家村北侧,4.354100,0.000000,中低价位、中小套型普通商品住房用地,挂牌出让,70,房地产业,十三等级,5224.9200,宁海县西店城镇建设投资开发有限公司,1.00,2.00,2012年02月24日,2013年02月17日,2016年02月17日,,,宁海县,2012年02月17日
修武县,4108212012A00430,公共管理与公共服务,江旁庄村对面,15.837400,0.000000,公园与绿地,划拨,,,四级,,,,,1900年01月01日,1900年01月01日,1900年01月01日,,,修武县人民政府,2012年02月17日
城区,1403022012B00120,金鑫汽车4S店,开发区泉中北路东侧,0.768100,0.768100,批发零售用地,协议出让,40,零售业,一级,307.2908,阳泉市金鑫汽车销售服务有限公司,1.50,1.60,2012年02月29日,2012年12月30日,2013年12月30日,,,阳泉市,2012年02月17日
修武县,4108212012A00225,交通运输,斗武路西侧,0.319300,0.000000,公路用地,划拨,,,二级,,,,,1900年01月01日,1900年01月01日,1900年01月01日,,,修武县人民政府,2012年02月17日
建阳市,3507842012A01045,建阳市人民西路市政工程（西区生态城道路）,建阳市西区生态城,7.538700,1.643700,公路用地,划拨,,国家机构,十三等级,,,,,2012年02月17日,2013年02月17日,2014年02月17日,,,建阳市人民政府,2012年02月17日
上海市本级,3101002012B01765,松开IV-149号地块,松江区松江工业区0601街坊（村）P1宗地（松开IV-149号）,1.265450,0.000000,工业用地,挂牌出让,50,仪器仪表及文化、办公用机械制造业,七级,1045.0000,上海利霸电子科技有限公司,1.00,,2012年03月25日,2012年10月10日,2014年10月10日,,,松江区,2012年02月17日
文山县,5326212012B00103,2010-D-9,开化镇城南片区,6.330500,0.000000,仓储用地,挂牌出让,50,仓储业,一级,3678.0205,文山恒丰房地产开发有限责任公司,3.00,3.00,2012年03月01日,2012年03月10日,2013年03月10日,,,云南省,2012年02月17日
鹤壁市本级,4106002012B00102,鹤源四区,新区漓江路北侧，天山路西侧,3.423922,0.000000,其他普通商品住房用地,挂牌出让,70,房地产业,三级,3528.0000,鹤壁市鹤企联置业有限公司,1.00,2.40,2012年08月16日,2013年02月16日,2014年08月16日,,,鹤壁市,2012年02月17日
鱼峰区,4502032012B00010,柳州市屏山大道286号15栋2单元6-1室,柳州市屏山大道286号15栋2单元6-1室,0.060000,0.001200,其他普通商品住房用地,协议出让,70,房地产业,三级,0.4270,赖祝赞,1.00,,1900年01月01日,2009年03月17日,2009年03月17日,,,柳州市,2012年02月17日
丰顺县,4414232012B00128,住宅楼（徐晓波）,丰顺县汤坑镇汤湖路,0.006400,0.000900,其他商服用地,协议出让,40,房地产业,十二级,0.0999,徐晓波,,2.50,2012年02月24日,1900年01月01日,1900年01月01日,,,丰顺县,2012年02月17日
大连市本级,2102002012A00358,大连海上消防救援中心基地站,,7.120000,0.000000,公共设施用地,划拨,,国家机构,未评估地区,1530.8000,,,0.34,2012年02月17日,2012年03月01日,2012年12月31日,,,大连市国土资源和房屋局,2012年02月17日
沅江市,4309812012B00095,商业用地（周小惠）,沅江市南嘴镇赵公湖村,0.534700,0.000000,其他商服用地,挂牌出让,40,农、林、牧、渔服务业,四级,83.0000,周小惠,0.62,0.62,2012年02月17日,2012年10月01日,2014年09月30日,,,沅江市,2012年02月17日
廊坊市本级,1310002012B00052,廊坊市天宏伟业工贸有限公司,桐万路南侧,0.240001,0.000000,批发零售用地,拍卖出让,40,零售业,五级,700.0000,廊坊市天宏伟业工贸有限公司,0.30,0.30,2012年04月14日,2013年02月14日,2015年02月14日,,,廊坊市,2012年02月17日
建德市,3301822012B00252,建德市霞雾农业开发中心,寿昌镇陈家村,0.457700,0.000000,工业用地,挂牌出让,50,食品制造业,十二级,93.0000,建德市霞雾农业开发中心,1.20,,2012年04月17日,2012年08月17日,2014年02月17日,,,建德市,2012年02月17日
上虞市,3306822012B00087,上虞市虞舜塑料制品厂,汤浦镇,0.115000,0.000000,工业用地,挂牌出让,50,塑料制品业,十级,56.0000,上虞市虞舜塑料制品厂,1.00,,2012年02月25日,2012年06月15日,2012年12月15日,,,上虞市,2012年02月17日
城区,1403022012B00118,大连路南办公楼,开发区大连路南侧,0.034400,0.034400,商务金融用地,协议出让,26.7,水的生产和供应业,一级,36.6088,阳泉市给水工程勘察设计有限公司,1.50,1.60,2012年02月29日,2012年12月30日,2013年12月30日,,,阳泉市,2012年02月17日
长乐市,3501822012B00281,厂房及附属设施,长乐市鹤上镇峰顶村、峡嶂路南侧,0.474600,0.474600,工业用地,挂牌出让,50,棉、化纤纺织及印染精加工,未评估地区,80.3136,福建省长乐市华亚纺织有限公司,0.80,,2012年08月17日,2013年08月17日,2014年08月17日,,,长乐市,2012年02月17日
通化县,2205212012B00086,通化县风华房屋开发有限责任公司,通化县快大茂镇东安村,3.030000,0.000000,其他普通商品住房用地,挂牌出让,70,房地产业,未评估地区,2262.0000,通化县风华房屋开发有限责任公司,1.00,1.70,2012年03月17日,2013年02月17日,2014年02月17日,,,通化县,2012年02月17日
环翠区,3710022012B00517,威海凯达挖掘工程有限公司工业（金属制品业）,环翠区竹岛街道办事处望岛村内,0.155600,0.000000,工业用地,挂牌出让,50,金属制品业,三级,47.4269,威海凯达挖掘工程有限公司,0.60,,2012年02月22日,2012年08月22日,2014年02月22日,,,威海市,2012年02月17日
南安市,3505832012B00179,福建省南安市志新建材有限公司厂房及配套设施项目,官桥镇内厝村,2.917100,0.000000,工业用地,挂牌出让,50,砖瓦、石材及其他建筑材料制造,十级,730.0000,福建省南安市志新建材有限公司,0.80,0.00,2012年02月15日,2012年05月17日,2014年05月17日,,,南安市,2012年02月17日
修武县,4108212012A00422,公共管理与公共服务,青龙大道西侧,5.333600,0.000000,公共设施用地,划拨,,,四级,,,,,1900年01月01日,1900年01月01日,1900年01月01日,,,修武县人民政府,2012年02月17日
上海市本级,3101002012B01757,松江DK-11-002号地块,松江区小昆山镇（松江DK-11-002号）,2.252840,0.000000,工业用地,挂牌出让,50,通用设备制造业,七级,1700.0000,上海立新石油设备有限公司,1.00,,2012年03月25日,2012年10月10日,2014年10月10日,,,松江区,2012年02月17日
鹤壁市本级,4106002012B00098,鹤源三区,淇滨区湘江路以南，天山路西侧,1.728419,0.000000,其他普通商品住房用地,挂牌出让,70,房地产业,三级,1627.0000,鹤壁市鹤企联置业有限公司,1.00,1.90,2012年08月16日,2013年02月16日,2014年08月16日,,,鹤壁市,2012年02月17日
荣成市,3710822012B00068,工业,石岛管理区双山路北,4.644000,0.000000,工业用地,挂牌出让,50,农副食品加工业,三级,794.4608,赤山集团有限公司,1.00,1.00,2012年08月16日,2012年08月17日,2014年08月17日,,,,2012年02月17日
城区,1403022012B00097,烟台路五龙佳苑B区,开发区烟台路北侧,1.620000,0.144600,批发零售用地,协议出让,34.2,房地产业,一级,10.7891,阳泉市五龙房地产开发有限公司,2.00,2.35,2012年02月29日,2012年12月30日,2013年12月30日,,,阳泉市,2012年02月17日
城区,1403022012B00106,大连路办公楼,开发区大连路北侧,0.098000,0.098000,商务金融用地,协议出让,40,,一级,12.6075,山西天恒会计师事务所有限公司,1.50,1.60,2012年02月29日,2012年12月30日,2013年12月30日,,,阳泉市,2012年02月17日
佛冈县,4418212012B00148,佛冈县高岗镇城镇住宅建设用地,佛冈县高岗镇省道252线北侧,0.008000,0.000000,中低价位、中小套型普通商品住房用地,挂牌出让,70,房地产业,三级,9.0000,蓝宗杰,1.00,4.00,2012年03月31日,2012年12月31日,2015年12月30日,,,佛冈县,2012年02月17日
诸暨市,3306812012B00162-2,诸暨市奇爱置业有限公司商业办公用地,诸暨市城东中心区A3-10,0.730600,0.000000,其他商服用地,拍卖出让,50,商务服务业,九级,8015.0000,诸暨市奇爱置业有限公司,5.00,6.00,2012年02月17日,2012年08月17日,2013年07月30日,,,诸暨市,2012年02月17日
巨野县,3717242012B00039,巨野新源建材有限公司(煤矸石、粉煤灰烧结砖建设项目）,巨野县管庄村生产路北、新巨龙能源有限公司洗煤厂东,7.415500,0.000000,工业用地,挂牌出让,50,砖瓦、石材及其他建筑材料制造,十五等级,583.2000,巨野新源建材有限公司,0.60,,2012年02月29日,2012年03月18日,2012年12月31日,,,巨野县人民政府,2012年02月17日
文登市,3710812012B03309,锦凯置业,文登市泽库镇碧海路西、康平路南,1.864100,1.112300,中低价位、中小套型普通商品住房用地,拍卖出让,其他商服用地40年; 中低价位、中小套型普通商品住房用地70,房地产业,四级,799.6560,威海锦凯置业有限公司,1.00,1.38,2012年02月07日,2013年02月07日,2016年02月07日,,,文登市,2012年02月17日
佛冈县,4418212012B00137,佛冈县高岗镇城镇住宅建设用地,佛冈县高岗镇省道252线北侧,0.032000,0.000000,中低价位、中小套型普通商品住房用地,挂牌出让,70,房地产业,三级,37.0000,邓卫红,1.00,5.00,2012年03月31日,2012年12月31日,2015年12月30日,,,佛冈县,2012年02月17日
烟台市本级,3706002012A00813,烟台职业学院,烟台高新区科技大道以南、学府东路以北,27.558500,0.000000,科教用地,划拨,,教育业,四级,1901.5367,,,0.95,2012年02月17日,2012年05月17日,2014年05月17日,,,烟台市人民政府,2012年02月17日
佛冈县,4418212012B00120,佛冈县高岗镇城镇住宅建设用地,佛冈县高岗镇省道252线北侧,0.030000,0.000000,中低价位、中小套型普通商品住房用地,挂牌出让,70,房地产业,三级,35.0000,蓝维家,1.00,5.00,2012年03月31日,2012年12月31日,2015年12月30日,,,佛冈县,2012年02月17日
环翠区,3710022012B00534,威海友谊包装有限公司工业（造纸及纸制品业）,环翠区竹岛办事处望岛村内,0.491100,0.491100,工业用地,挂牌出让,50,造纸及纸质品业,三级,149.6873,威海友谊包装有限公司,0.60,,2012年02月22日,2012年08月22日,2014年02月22日,,,威海市,2012年02月17日
丹东市本级,2106002012B00047-1,厂房,振安区同兴镇龙母村九组,0.231000,0.000000,工业用地,挂牌出让,50,纺织服装、鞋、帽制造业,四级,73.2270,丹东市志成服装有限公司,,1.00,2012年06月01日,2012年06月16日,2013年06月16日,,,丹东市,2012年02月17日
临夏市,6229012012B00030,中国联合网络通信有限公司临夏州分公司用地,临夏市南龙镇马家庄村,0.019100,0.000000,公共设施用地,挂牌出让,50,电信和其他信息传输服务业,十二级,8.6100,中国联合网络通信有限公司临夏州分公司,,,2011年02月17日,2012年02月17日,2013年02月16日,,,临夏市,2012年02月17日
廊坊市本级,1310002012B00045,廊坊市同欣建筑工程有限公司,和平路以东，红黄蓝化工有限公司以北,0.871615,0.871615,仓储用地,拍卖出让,50,房屋和土木工程业,三级,289.0000,廊坊市同欣建筑工程有限公司,0.80,0.00,2012年04月14日,2013年02月14日,2015年02月14日,,,廊坊市,2012年02月17日
佛冈县,4418212012B00117,佛冈县高岗镇城镇住宅建设用地,佛冈县高岗镇省道252线北侧,0.027000,0.000000,中低价位、中小套型普通商品住房用地,挂牌出让,70,房地产业,三级,28.0000,谭冠锌,1.00,4.00,2012年03月31日,2012年12月31日,2015年12月30日,,,佛冈县,2012年02月17日
赵县,1301332012B00098,赵县信用合作联社营业楼,李春大道以北、白云公寓以西,0.720490,0.000000,商务金融用地,挂牌出让,40,其他金融服务,三级,540.0000,赵县农村信用合作联社,0.00,3.50,2012年03月09日,2012年05月18日,2014年10月01日,,,赵县,2012年02月17日
佛冈县,4418212012B00106,佛冈县高岗镇城镇住宅建设用地,佛冈县高岗镇省道252线北侧,0.026400,0.000000,中低价位、中小套型普通商品住房用地,挂牌出让,70,房地产业,三级,31.0000,叶小容,1.00,5.00,2012年03月31日,2012年12月31日,2015年12月30日,,,佛冈县,2012年02月17日
良庆区,4501082012A00012-1,广西城建投资集团有限公司自治区重大公益性项目保障性住房工程(经济适用房),五象新区平乐大道西面,3.333332,0.000000,经济适用住房用地,划拨,,房屋和土木工程业,四级,486.0468,,2.00,3.00,2012年02月22日,2013年02月20日,2016年02月20日,,,南宁市人民政府,2012年02月17日
柳州市本级,4502002012B01426,柳州市北雀路21号南区11栋3-3-1室,柳州市北雀路21号南区11栋3-3-1室,0.060100,0.000900,其他普通商品住房用地,协议出让,70,房地产业,二级,0.3470,柯裕火,,,1900年01月01日,1900年01月01日,1900年01月01日,,,,2012年02月17日
凤城市,2106822012B00069,划拨补办,凤凰城区翰墨街住宅开发富华小区2#103号,0.002700,0.002700,其他商服用地,协议出让,40,商务服务业,一级,1.0300,丛彬,,,2012年02月10日,1900年01月01日,1900年01月01日,,,凤城市人民政府,2012年02月17日
佛冈县,4418212012B00090,佛冈县高岗镇城镇住宅建设用地,佛冈县高岗镇省道252线北侧,0.023000,0.000000,中低价位、中小套型普通商品住房用地,挂牌出让,70,房地产业,三级,24.0000,陈惠玲,1.00,4.00,2012年03月31日,2012年12月31日,2015年12月30日,,,佛冈县,2012年02月17日
利津县,3705222012B00301,石油装备生产项目,利津县利八路以南、森化化工以西,2.988400,0.000000,工业用地,挂牌出让,50,通用设备制造业,四级,445.0000,东营恒佳石油装备有限公司,0.60,,2012年03月19日,2012年03月22日,2013年03月21日,,,利津县,2012年02月17日
佛冈县,4418212012B00089,佛冈县高岗镇城镇住宅建设用地,佛冈县高岗镇省道252线北侧,0.015100,0.000000,中低价位、中小套型普通商品住房用地,挂牌出让,70,房地产业,三级,18.0000,欧炽星,1.00,5.00,2012年03月31日,2012年12月31日,2015年12月30日,,,佛冈县,2012年02月17日
清城区,4418022012B00079,清远市宏达房地产开发有限公司,清远市清城区凤城大桥引道以西、笔架河以东、北江河以北的东城新区,3.707500,0.000000,中低价位、中小套型普通商品住房用地,挂牌出让,70,房地产业,八级,7171.0000,清远市宏达房地产开发有限公司,1.00,3.19,2012年03月07日,2013年03月06日,2016年03月06日,,,清远市,2012年02月17日
襄阳区,4206072012B00222,襄阳美利信科技有限责任公司,襄州区刘集街道办事处魏庄社区居委会,13.622600,0.540200,工业用地,挂牌出让,50,其它,四级,2392.8214,襄阳美利信科技有限责任公司,0.80,,2012年02月24日,2012年03月01日,2013年08月31日,,,襄阳市襄州区,2012年02月17日
绥阳县,5203232012A00030,绥阳县档案馆建设工程项目,绥阳县洋川镇晨光路,0.331000,0.331000,机关团体用地,划拨,,国家机构,未评估地区,0.0000,,,0.90,2012年02月28日,2012年03月18日,2013年03月18日,,,绥阳县人民政府,2012年02月17日
沈阳市本级,2101002012B00213,紫提东郡,浑南新区G27-2,9.254670,4.287610,其他普通商品住房用地,挂牌出让,50,房地产业,五级,16130.8898,沈阳荣盛中天房地产开发有限公司,1.00,2.00,2011年12月01日,2012年11月30日,2014年11月30日,,,沈阳市,2012年02月17日
佛冈县,4418212012B00070,佛冈县高岗镇城镇住宅建设用地,佛冈县高岗镇省道252线北侧,0.012000,0.000000,中低价位、中小套型普通商品住房用地,挂牌出让,70,房地产业,三级,14.0000,罗志明,1.00,5.00,2012年03月31日,2012年12月31日,2015年12月30日,,,佛冈县,2012年02月17日
南县,4309212012B00666,原划拨土地使用权补办出让,南县南洲镇南洲中路,0.014900,0.003100,其他普通商品住房用地,协议出让,70,房地产业,二级,0.3147,周卫平,,6.00,2012年02月17日,1900年01月01日,1900年01月01日,,,南县,2012年02月17日
城区,1403022012B00085,烟台路五龙佳苑A区,开发区烟台路北侧,1.133200,0.082500,批发零售用地,协议出让,34.2,房地产业,一级,6.1560,阳泉市五龙房地产开发有限公司,2.00,2.60,2012年02月29日,2012年12月30日,2013年12月30日,,,阳泉市,2012年02月17日
佛冈县,4418212012B00061,佛冈县高岗镇城镇住宅建设用地,佛冈县高岗镇省道252线北侧,0.012000,0.000000,中低价位、中小套型普通商品住房用地,挂牌出让,70,房地产业,三级,13.0000,蓝兴滚,1.00,4.00,2012年03月31日,2012年12月31日,2015年12月30日,,,佛冈县,2012年02月17日
盘龙区,5301032012B00534,个人已购住房划拨补办出让手续,昆明市联盟路410号,0.001000,0.001000,其他普通商品住房用地,协议出让,70,房地产业,一级,0.4300,刘宝芝,,,2012年02月20日,1900年01月01日,1900年01月01日,,,昆明市,2012年02月17日
肇庆市本级,4412002012B00263,丁秀文,肇庆市端州区黄岗街道办沙寮西街5号,0.002600,0.002600,其他普通商品住房用地,协议出让,70,房地产业,三级,1.7235,丁秀文,,,2012年02月17日,1900年01月01日,1900年01月01日,,,肇庆市,2012年02月17日
苍南县,3303272012B00085,温州银苑房地产开发有限公司（金乡龙金大道B-2地块）,金乡镇金星村，龙金大道以东,1.153200,0.000000,中低价位、中小套型普通商品住房用地,挂牌出让,70,房地产业,十三等级,4050.0000,温州银苑房地产开发有限公司,1.00,2.00,2012年02月20日,2012年08月20日,2015年08月20日,,,苍南县,2012年02月17日
柳州市本级,4502002012B01418,柳州市雀儿山路三区11栋1-6-2室,柳州市雀儿山路三区11栋1-6-2室,0.066000,0.001200,其他普通商品住房用地,协议出让,70,房地产业,四级,0.2740,梁丽,,,1900年01月01日,1900年01月01日,1900年01月01日,,,,2012年02月17日
佛冈县,4418212012B00052,佛冈县高岗镇城镇住宅建设用地,佛冈县高岗镇省道252线北侧,0.010800,0.000000,中低价位、中小套型普通商品住房用地,挂牌出让,70,房地产业,三级,13.0000,罗华鑫,1.00,5.00,2012年03月31日,2012年12月31日,2015年12月30日,,,佛冈县,2012年02月17日
南安市,3505832012B00127,福建省南安市裕盛餐具有限公司厂房及配套设施项目,省新镇油园村,1.391200,0.000000,工业用地,挂牌出让,50,塑料制品业,十级,318.0000,福建省南安市裕盛餐具有限公司,1.20,0.00,2010年06月18日,2012年05月17日,2014年05月17日,,,泉州市,2012年02月17日
佛冈县,4418212012B00045,佛冈县高岗镇城镇住宅建设用地,佛冈县高岗镇省道252线北侧,0.011400,0.000000,中低价位、中小套型普通商品住房用地,挂牌出让,70,房地产业,三级,13.0000,张名贤  张名青,1.00,5.00,2012年03月31日,2012年12月31日,2015年12月30日,,,佛冈县,2012年02月17日
荣成市,3710822012B00055,工业,石岛管理区姜尚路南,8.825400,0.000000,工业用地,挂牌出让,50,农副食品加工业,三级,2161.8651,荣成市程达建筑工程有限公司,1.00,1.00,2012年08月16日,2012年08月17日,2014年08月17日,,,荣成市,2012年02月17日
新干县,3608242011B00694,新干县东一夹芯板厂,新干县赣中林产工业城,2.200700,0.000000,工业用地,挂牌出让,50,木材加工及木、竹、藤、棕、草制品业,十三等级,211.2640,新干县东一夹芯板厂,0.70,1.30,2012年04月20日,2013年04月20日,2015年04月20日,,,新干县,2012年02月17日
修武县,4108212012A00410,公共管理与公共服务,青龙大道西侧,3.301700,0.000000,公共设施用地,划拨,,,四级,,,,,1900年01月01日,1900年01月01日,1900年01月01日,,,修武县人民政府,2012年02月17日
泸水县,5333212012B00111,李红旗个人土地使用权超占部份建设项目,鲁掌镇鲁掌街,0.002800,0.002800,其他普通商品住房用地,协议出让,70,居民服务业,四级,0.5460,李红旗,,,2012年02月17日,2012年02月17日,2012年02月17日,,,泸水县,2012年02月17日
佛冈县,4418212012B00038,佛冈县高岗镇城镇住宅建设用地,佛冈县高岗镇省道252线北侧,0.009000,0.000000,中低价位、中小套型普通商品住房用地,挂牌出让,70,房地产业,三级,10.0000,朱彰卢  陈会美,1.00,4.00,2012年03月31日,2012年12月31日,2015年12月30日,,,佛冈县,2012年02月17日
清远市本级,4418002012B00051,欧焕新,清远市新城三号245号,0.008000,0.008000,中低价位、中小套型普通商品住房用地,协议出让,70,房地产业,未评估地区,0.0848,欧焕新,,,2012年02月20日,1900年01月01日,1900年01月01日,,,清远市,2012年02月17日
佛冈县,4418212012B00029,佛冈县高岗镇城镇住宅建设用地,佛冈县高岗镇省道252线北侧,0.010000,0.000000,中低价位、中小套型普通商品住房用地,挂牌出让,70,房地产业,三级,11.0000,蓝宗瑞,1.00,4.00,2012年03月31日,2012年12月31日,2015年12月30日,,,佛冈县,2012年02月17日
惠城区,4413022012B00618,王晶申请划拨土地使用权补出让,惠州市河南岸19号小区,0.006000,0.006000,其他普通商品住房用地,协议出让,70,房地产业,三级,4.3440,王晶,,,1900年01月01日,1900年01月01日,1900年01月01日,,,惠州市,2012年02月17日
莱芜市本级,3712002012B05148,住宅楼,莱城区任花园小区3号楼西四单元西户,0.007196,0.007196,其他普通商品住房用地,协议出让,70,房地产业,三级,2.1617,侯训鹏,1.00,1.31,1900年01月01日,1900年01月01日,1900年01月01日,,,莱芜市,2012年02月17日
城区,1403022012B00070,香港路北祥禾花园一期,开发区香港路北侧,0.387600,0.387600,其他普通商品住房用地,协议出让,其他普通商品住房用地67.5年; 批发零售用地37.5,房地产业,一级,36.3807,阳泉市祥禾房地产开发有限公司,4.50,4.85,2012年02月29日,2012年12月30日,2013年12月30日,,,阳泉市,2012年02月17日
九龙坡区,5001072012B00147,房地产开发项目,九龙坡区大杨石组团I分区I-29/02、I-30-1/02号宗地,10.109600,10.109600,其他普通商品住房用地,拍卖出让,40,房地产业,五级,102000.0000,重庆兴拓置业有限公司,1.00,3.91,2012年05月31日,2012年11月30日,2014年11月30日,,,重庆市,2012年02月17日
温岭市,3310812012B00155-4,东部产业集聚区DB210603-a地块工业用地出让,东部产业集聚区,4.020200,4.020200,工业用地,挂牌出让,50,其它,十级,1486.0000,温岭德利众机械制造有限公司,1.20,2.50,2012年03月18日,2012年12月17日,2016年12月17日,,,温岭市,2012年02月17日
上海市本级,3101002012A00925,东沟保障性用房01-03地块经济适用房项目,浦东新区高行镇8 街坊,3.745400,3.745400,经济适用住房用地,划拨,,房地产业,七级,,,2.20,,2012年03月30日,2012年03月31日,2014年06月30日,,,浦东新区,2012年02月17日
通州区,1101122012B00100,北京市通州区马驹桥镇金桥科技产业基地C1-3-6(部分C部分）地块,通州区马驹桥镇金桥科技产业基地,1.942100,0.000000,工业用地,挂牌出让,50,化学原料及化学制品制造业,六级,502.6170,东明伟业(北京)文化发展有限公司,,1.20,2012年02月17日,2012年08月01日,2014年08月01日,,,北京市通州区,2012年02月17日
古蔺县,5105252012B00063,名酒名镇项目建设用地,古蔺县二郎镇黄金坝村六组,1.566900,0.000000,工业用地,挂牌出让,50,饮料制造业,十四等级,235.0000,四川省古蔺郎酒厂有限公司,1.00,1.20,2012年02月20日,2012年02月27日,2013年04月01日,,,古蔺县人民政府,2012年02月17日
宁波市本级,3302002012B00056,东钱湖03-5,东钱湖,7.154800,0.000000,风景名胜设施用地,挂牌出让,40,公共设施管理业,六级,22537.6200,宁波东钱湖景福旅游投资有限公司,,0.50,2012年04月17日,2013年04月17日,2016年04月17日,,,宁波市,2012年02月17日
柳州市本级,4502002012B01401,柳州市柳太路一区31栋2-4-1室,柳州市柳太路一区31栋2-4-1室,0.048400,0.001600,其他普通商品住房用地,协议出让,70,房地产业,四级,0.3717,钟亚君,,,1900年01月01日,1900年01月01日,1900年01月01日,,,,2012年02月17日
新干县,3608242011B00679,新干县万金木业有限公司,新干县赣中林产工业城,2.193300,0.000000,工业用地,挂牌出让,50,木材加工及木、竹、藤、棕、草制品业,十三等级,210.5600,新干县万金木业有限公司,0.70,1.30,2012年04月20日,2013年04月20日,2015年04月20日,,,新干县,2012年02月17日
新干县,3608242011B00648,新干县林慧装饰材料厂,新干县赣中林产工业城,2.112700,0.000000,工业用地,挂牌出让,50,木材加工及木、竹、藤、棕、草制品业,十三等级,202.8160,新干县林慧装饰材料厂,0.70,1.30,2012年04月20日,2013年04月20日,2015年04月20日,,,新干县,2012年02月17日
新干县,3608242011B00664,新干县发清木制品厂,新干县赣中林产工业城,1.333300,0.000000,工业用地,挂牌出让,50,木材加工及木、竹、藤、棕、草制品业,十三等级,128.0000,新干县发清木制品厂,0.70,1.30,2012年04月20日,2013年04月20日,2015年04月20日,,,新干县,2012年02月17日
新干县,3608242011B00260,新干县林瑞木业有限公司,新干县赣中林产工业城,3.427300,0.000000,工业用地,挂牌出让,50,木材加工及木、竹、藤、棕、草制品业,十三等级,329.0240,新干县林瑞木业有限公司,0.70,1.30,2012年04月20日,2013年04月20日,2015年04月20日,,,新干县,2012年02月17日
城区,1403022012B00066,泉中北路西中兴花园住宅小区,开发区泉中北路西侧,1.647400,1.647400,其他普通商品住房用地,协议出让,其他普通商品住房用地68.8年; 批发零售用地38.8,房地产业,一级,663.9598,阳泉市天峰房地产开发有限公司,5.00,5.50,2012年02月29日,2012年12月30日,2013年12月30日,,,阳泉市,2012年02月17日
桦川县,2308262012B00060,交通高层,交通局家属楼西侧,0.612259,0.612259,中低价位、中小套型普通商品住房用地,挂牌出让,70,房地产业,三级,81.7000,双鸭山盛泰房地产开发有限公司,1.00,3.79,2012年02月13日,2012年05月01日,2014年10月01日,,,桦川县,2012年02月17日
零陵区,4311022012B00372,湖南移动通信有限责任公司永州分公司芝山营业部12,零陵区黄田铺镇政府鸟塘铺乡旁,0.008600,0.008600,公共设施用地,协议出让,50,住宿业,未评估地区,0.4411,湖南移动通信有限责任公司永州分公司芝山营业部12,,,2012年02月17日,1900年01月01日,1900年01月01日,,,零陵区,2012年02月17日
环翠区,3710022012B00529,威海市海王旋流器有限公司教育科研用地,环翠区张村镇广泰空港有限公司东,2.215300,0.000000,科教用地,挂牌出让,50,研究与试验发展,三级,675.2234,威海市海王旋流器有限公司,,1.44,2012年02月22日,2012年08月22日,2014年02月22日,,,威海市,2012年02月17日
苍南县,3303272012A00375,县城新区办公楼用地B项目,县城新区春晖路以东、仁英路以南、体育场路以西地块,1.296400,0.000000,机关团体用地,划拨,,国家机构,十三等级,50.8188,,1.00,0.00,2012年02月15日,2012年08月15日,2014年08月15日,,,苍南县人民政府,2012年02月17日
龙胜各族自治县,4503282012B00256,住宅楼,原和平乡供销社生资、百货仓2#,0.142600,0.142600,其他普通商品住房用地,挂牌出让,70,住宿业,一级,51.8900,刘道胜,,,2012年02月17日,2012年02月17日,2014年02月17日,,,龙胜各族自治县人民政府,2012年02月17日
修武县,4108212012A00405,公共管理与公共服务,青龙大道东侧,7.494100,0.000000,公共设施用地,划拨,,,四级,,,,,1900年01月01日,1900年01月01日,1900年01月01日,,,修武县人民政府,2012年02月17日
新干县,3608242011B00251,新干县鹏飞木制工艺品厂,新干县赣中林产工业城,2.620000,0.000000,工业用地,挂牌出让,50,木材加工及木、竹、藤、棕、草制品业,十三等级,251.5200,新干县鹏飞木制工艺品厂,0.70,1.30,2012年04月20日,2013年04月20日,2015年04月20日,,,新干县,2012年02月17日
衡阳市本级,4304002012A01817,衡阳市石惠家园保障性住房项目,衡阳市石鼓区,27.416100,0.000000,经济适用住房用地,划拨,,房地产业,一级,,,1.62,,2012年02月17日,2012年02月17日,2013年02月17日,,,湖南省人民政府,2012年02月17日
壶关县,1404272012B00027-1,壶关县粮食管理中心职工住宅楼,壶关县古城路,0.292000,0.292000,其他普通商品住房用地,协议出让,70,,一级,153.4000,壶关县粮食管理中心,2.00,2.00,2012年02月18日,2012年03月30日,2012年10月30日,,,壶关县,2012年02月17日
朝阳市本级,2113002012B02283,企业改制,双塔区新荒地村,0.264400,0.264400,工业用地,协议出让,50,金属制品业,八级,34.2500,朝阳市鹏达实业有限责任公司,,,1900年01月01日,1900年01月01日,1900年01月01日,,,朝阳市,2012年02月17日
温岭市,3310812012B00129-4,东部产业集聚区DB210308－a地块工业用地出让,东部产业集聚区,8.003100,8.003100,工业用地,挂牌出让,50,通用设备制造业,十级,2898.0000,浙江东玛电机有限公司,1.10,2.50,2012年03月18日,2012年10月17日,2016年10月17日,,,温岭市,2012年02月17日
徐水县,1306252012B00068,30万吨粮食储运包装加工项目,徐水县何家店村,4.269400,0.000000,工业用地,挂牌出让,50,农副食品加工业,二级,1789.0000,巨力集团有限公司,1.00,1.20,2012年02月27日,2012年05月17日,2014年02月17日,,,徐水县,2012年02月17日
延边朝鲜族自治州本级,2224002012B00777,热电厂一期建设项目,延吉市人民路北侧、延铝北街西侧,5.812500,0.000000,工业用地,挂牌出让,50,火力发电,三级,2173.8750,国电龙华延吉热电有限公司,1.00,,2012年03月01日,2012年03月02日,2012年11月30日,,,延边州,2012年02月17日
朝阳市本级,2113002012B02296,企业改制,双塔区新荒地村,0.051700,0.051700,工业用地,协议出让,50,金属制品业,八级,6.7200,朝阳市森强实业开发有限责任公司,,,1900年01月01日,1900年01月01日,1900年01月01日,,,朝阳市,2012年02月17日
都安瑶族自治县,4512282011B05839,韦家能,都安县安阳镇屏山北路,0.008000,0.008000,其他普通商品住房用地,协议出让,70,住宿业,三级,1.0080,韦家能,,,1900年01月01日,1900年01月01日,1900年01月01日,,,都安瑶族自治县,2012年02月17日
沧州市本级,1309002012B00237,冀学佳园,黄骅新城规划34号路西、渤海一号路北,5.470700,0.000000,其他普通商品住房用地,挂牌出让,70,房地产业,十一级,4507.0000,河北冀学房地产开发有限公司,1.00,1.80,2012年05月01日,2012年06月01日,2014年05月31日,,,沧州渤海新区管理委员会,2012年02月17日
什邡市,5106822012B00058,四川森竹源食品有限公司,什邡市马井镇菠萝村九组,1.444300,1.444300,工业用地,挂牌出让,50,农副食品加工业,一级,200.8038,四川森竹源食品有限公司,1.00,,2012年03月17日,2013年03月17日,2015年03月17日,,,什邡市,2012年02月17日
定陶县,3717272012B00010,菏泽嘉宏脱水食品有限公司,位于定陶县半堤镇半堤集南侧半堤集村。,2.568900,0.000000,工业用地,挂牌出让,50,农副食品加工业,三级,315.0000,菏泽嘉宏脱水食品有限公司,1.00,,2012年02月17日,2012年04月16日,2013年04月15日,,,定陶县,2012年02月17日
麒麟区,5303022012A00357,麒麟区金麟湾网球场建设工程,曲靖市麒麟区南宁街道办事处水寨村环城南路北面,0.818700,0.000000,文体娱乐用地,划拨,,体育,未评估地区,,,,3.00,2012年02月17日,2012年04月17日,2013年04月17日,,,曲靖市国土资源局,2012年02月17日
柳州市本级,4502002012B01395,柳州市三中路22号1栋6-1室,柳州市三中路22号1栋6-1室,0.027800,0.001800,其他普通商品住房用地,协议出让,70,房地产业,二级,0.5209,王家丰、欧善凤,,,1900年01月01日,1900年01月01日,1900年01月01日,,,,2012年02月17日
柘城县,4114242012A00169,千树园,未来大道南侧,2.654900,0.000000,公共设施用地,划拨,,国家机构,三级,0.0000,,,,1900年01月01日,1900年01月01日,1900年01月01日,,,柘城县人民政府,2012年02月17日
都安瑶族自治县,4512282012B00017,姚元光,安阳镇屏山中路,0.014300,0.014300,其他普通商品住房用地,协议出让,70,住宿业,二级,2.4037,姚元光,,,1900年01月01日,1900年01月01日,1900年01月01日,,,都安瑶族自治县,2012年02月17日
都安瑶族自治县,4512282012B00025,黄勇,都安县安阳镇新屏路,0.010200,0.010200,其他普通商品住房用地,协议出让,70,住宿业,一级,2.2761,黄勇,,,1900年01月01日,1900年01月01日,1900年01月01日,,,都安瑶族自治县,2012年02月17日
临夏市,6229012012B00025,临夏市清源清真肉制品有限责任公司,临夏市枹罕镇聂家村,0.819100,0.000000,工业用地,挂牌出让,50,农副食品加工业,十二级,368.7000,临夏市清源清真肉制品有限责任公司  绽学忠,1.00,,2012年02月17日,2012年02月17日,2014年02月16日,,,临夏市,2012年02月17日
中方县,4312212012B00097,怀化天鸿房地产开发有限公司,香樟路以东、翠竹路以北,3.934600,0.000000,其他普通商品住房用地,挂牌出让,其他商服用地40年; 其他普通商品住房用地70,房地产业,未评估地区,3010.0000,怀化天鸿房地产开发有限公司,1.10,3.00,2012年09月30日,2013年08月30日,2016年07月30日,,,中方县,2012年02月17日
柳州市本级,4502002012B01387,柳州市柳石路410号5栋1-5-2室,柳州市柳石路410号5栋1-5-2室,0.018000,0.001500,其他普通商品住房用地,协议出让,70,房地产业,四级,0.3658,谢锐智,,,1900年01月01日,1900年01月01日,1900年01月01日,,,,2012年02月17日
苏家屯区,2101112011B01101,中铝沈阳有色金属加工有限公司,沈阳市苏家屯区机场路南桂花街西,12.270600,0.000000,工业用地,挂牌出让,50,金属制品业,一级,3583.0152,中铝沈阳有色金属加工有限公司,0.80,0.00,2012年03月30日,2013年03月30日,2016年03月29日,,,沈阳市,2012年02月17日
温岭市,3310812012B00143-3,东部产业集聚区DB210102地块工业用地出让,东部产业集聚区,4.134900,4.134900,工业用地,挂牌出让,50,通用设备制造业,十级,1517.0000,台州新发自动化设备有限公司,1.20,2.50,2012年03月18日,2012年12月17日,2015年12月17日,,,温岭市,2012年02月17日
通州区,1101122012B00099,通州区马驹桥镇金桥科技产业基地工业项目C1-1-5-2工业用地,通州区马驹桥镇金桥科技产业基地,2.582000,0.000000,工业用地,挂牌出让,50,纺织服装、鞋、帽制造业,六级,1051.1910,北京罗曼多服装有限有公司,,1.80,2012年02月17日,2012年08月01日,2014年08月01日,,,北京市通州区,2012年02月17日
临夏市,6229012012B00012,临夏州水保加油站用地,临夏市枹罕镇铜匠庄村,0.303100,0.000000,其他商服用地,挂牌出让,40,零售业,十二级,136.5000,临夏州水保加油站 王瑞中,,1.50,2012年02月17日,2012年02月17日,2013年02月16日,,,临夏市,2012年02月17日
顺德区,4406062012B01764,(乐从)李钜荣 唐爱群,乐从镇乐从居委会荔中路神州工程师楼B座301,0.002000,0.002000,其他普通商品住房用地,协议出让,70,房地产业,二级,0.7899,李钜荣 唐爱群,,,2012年02月17日,2012年02月17日,2012年02月17日,,,顺德区,2012年02月17日
通辽市本级,1505002012B00071,无,科尔沁区施介五委,0.140900,0.140900,住宿餐饮用地,协议出让,40,环境管理业,一级,96.0900,通辽达林园艺工程有限责任公司,,,2012年02月17日,1900年01月01日,1900年01月01日,,,通辽市,2012年02月17日
文登市,3710812012B00204,文登市东海建材有限公司,葛家镇德胜路南,2.733400,0.000000,工业用地,挂牌出让,50,砖瓦、石材及其他建筑材料制造,四级,579.4808,文登市东海建材有限公司,0.70,,1900年01月01日,1900年01月01日,1900年01月01日,,,文登市,2012年02月17日
德清县,3305212012B00157-1,德清腾宇装饰材料有限公司,洛舍镇杨树湾工业区,1.000000,0.000000,工业用地,挂牌出让,50,木材加工及木、竹、藤、棕、草制品业,二级,297.0000,德清腾宇装饰材料有限公司,1.00,,2012年05月03日,2013年03月03日,2015年09月02日,,,德清县,2012年02月17日
义乌市,3307822012B00157,义乌市方宁电子有限公司,荷叶塘工业功能区天宝路南侧,0.373400,0.000000,工业用地,拍卖出让,50,通讯设备、计算机及其他电子设备制造业,三级,156.8322,义乌市方宁电子有限公司,2.00,3.00,2012年02月14日,2012年08月14日,2014年08月13日,,,义乌市,2012年02月17日
柳州市本级,4502002012B01377,柳州市谷埠街大同巷二里125号2栋1-7-2室,柳州市谷埠街大同巷二里125号2栋1-7-2室,0.011800,0.000800,其他普通商品住房用地,协议出让,70,房地产业,二级,0.3602,韦靓,,,1900年01月01日,1900年01月01日,1900年01月01日,,,,2012年02月17日
益阳市本级,4309002012B00300,陶谷才等21户国有划拨用地使用权出让,三里桥,0.027300,0.027300,中低价位、中小套型普通商品住房用地,协议出让,70,房地产业,二级,2.1693,陶谷才等21户,,,2012年02月17日,1900年01月01日,1900年01月01日,,,益阳市,2012年02月17日
修武县,4108212012A00863,公共管理与公共服务,云台大道七贤镇段西侧,8.476100,0.000000,机关团体用地,划拨,,,未评估地区,,,,,1900年01月01日,1900年01月01日,1900年01月01日,,,修武县人民政府,2012年02月17日
木兰县,2301272012B00037,香江水岸小区,木兰镇生产街西侧,0.621900,0.621900,其他普通商品住房用地,挂牌出让,70,房地产业,一级,244.0000,吉林省展图房地产开发有限公司,3.27,3.27,2012年03月30日,2012年04月30日,2012年12月30日,,,木兰县,2012年02月17日
三门县,3310222012B00039-1,三门县滨海工贸置业有限公司（三门县现代农业观光园区核心区农博大道地段地块）,三门县现代农业观光园区核心区,2.782900,0.000000,中低价位、中小套型普通商品住房用地,挂牌出让,批发零售用地40年; 普通商品住房用地70,房地产业,四级,1290.0000,三门县滨海工贸置业有限公司,1.00,1.20,2012年05月17日,2013年03月30日,2016年03月30日,,,三门县,2012年02月17日
修武县,4108212012A00826,公共管理与公共服务,云台大道东侧,3.829600,0.000000,机关团体用地,划拨,,,四级,,,,,1900年01月01日,1900年01月01日,1900年01月01日,,,修武县人民政府,2012年02月17日
修武县,4108212012A00816,交通运输,一中分校北侧,0.750300,0.000000,公路用地,划拨,,,四级,,,,,1900年01月01日,1900年01月01日,1900年01月01日,,,修武县人民政府,2012年02月17日
通州区,1101122012B00086,北京市通州区马驹桥镇金桥科技产业基地B3-2-4(部分)地块,通州区马驹桥镇金桥科技产业基地,0.999900,0.000000,工业用地,挂牌出让,50,房屋和土木工程业,六级,306.6410,北京金桥绿园物业管理有限公司,,2.00,2012年02月17日,2012年08月01日,2014年08月01日,,,北京市通州区,2012年02月17日
修武县,4108212012A00807,公共管理与公共服务,青龙大道西侧,0.311700,0.000000,机关团体用地,划拨,,,四级,,,,,1900年01月01日,1900年01月01日,1900年01月01日,,,修武县人民政府,2012年02月17日
余姚市,3302812012B00033,余姚市龙鼎商业广场有限公司家居专业市场项目,阳明街道丰山路418号,2.120200,2.120200,其他商服用地,挂牌出让,40,批发业,一级,6487.8120,余姚市龙鼎商业广场有限公司,1.50,3.00,2012年03月17日,2013年01月30日,2014年07月30日,,,余姚市,2012年02月17日
柳州市本级,4502002012B01366,柳州市龙潭路1号19栋1-6-1室,柳州市龙潭路1号19栋1-6-1室,0.026900,0.000800,其他普通商品住房用地,协议出让,70,房地产业,四级,0.2458,蒙菊连,,,1900年01月01日,1900年01月01日,1900年01月01日,,,,2012年02月17日
浉河区,4115022012B00245,弘昌房地产,信阳市107国道,5.981386,5.719021,其他普通商品住房用地,挂牌出让,其他普通商品住房用地70年; 其他商服用地40,房地产业,三级,8006.6294,信阳市弘昌房地产开发有限公司,1.00,3.65,2012年12月31日,2013年03月31日,2016年03月31日,,,信阳市,2012年02月17日
孙吴县,2311242012B00028-1,兴财嘉园,永昌家苑西、林业扑火队办公楼南、202国道支线北,1.327500,0.841000,其他普通商品住房用地,挂牌出让,70,房地产业,三级,130.0000,黑河市天工房地产开发有限公司,1.73,1.73,2012年03月01日,2012年03月01日,2014年03月01日,,,孙吴县,2012年02月17日
温岭市,3310812012B00135-3,东部产业集聚区DB210308－b地块工业用地出让,东部产业集聚区,2.687000,2.687000,工业用地,挂牌出让,50,塑料制品业,十级,1050.0000,台州新双登板业有限公司,1.20,2.50,2012年03月18日,2012年12月17日,2015年12月17日,,,温岭市,2012年02月17日
烟台市本级,3706002012A00807,烟台职业学院,烟台高新区科技大道以南、学府东路以北,0.925300,0.000000,科教用地,划拨,,教育业,四级,63.8443,,,1.30,2012年02月17日,2012年05月17日,2014年05月17日,,,,2012年02月17日
阿城区,2301122012A00031,省道哈尔滨至鱼池公路阿城至横头山段,料甸乡、红星镇,30.032800,0.000000,公路用地,划拨,,城市公共交通业,一级,0.0000,,0.00,0.00,2012年02月17日,2014年02月17日,2014年02月17日,,,哈尔滨市阿城区人民政府,2012年02月17日
通州区,1101122012B00070,北京市通州区马驹桥镇金桥科技产业基地C1-3-6(部分A加部分B）地块,通州区马驹桥镇金桥科技产业基地,9.250900,0.000000,工业用地,挂牌出让,50,铁路运输业,六级,4961.6530,中安欧尚投资股份有限公司,,2.00,2012年02月17日,2012年08月01日,2014年08月01日,,,北京市通州区,2012年02月17日
瓦房店市,2102812012B02964,王忠立,瓦房店市炮台镇三家居民委,1.109200,0.000000,工业用地,挂牌出让,50,建筑装饰业,九级,300.0000,王忠立,0.70,,1900年01月01日,2012年06月30日,2013年06月30日,,,瓦房店市人民政府,2012年02月17日
江北区,5001052012B00088,房地产开发项目,两江新区鱼嘴组团A、F、I、J标准分区F08-6/02号宗地,6.483500,0.000000,商务金融用地,拍卖出让,40,房地产业,九级,10700.0000,重庆渝闽投资有限公司,1.00,2.20,2012年01月31日,2012年04月30日,2013年12月31日,,,重庆市,2012年02月17日
建德市,3301822012B00374-2,建德市新安江气动元件有限公司,航头镇石屏村,0.367700,0.000000,工业用地,挂牌出让,50,通用设备制造业,十二级,72.0000,建德市新安江气动元件有限公司,1.10,,2012年04月17日,2012年08月17日,2014年02月17日,,,建德市,2012年02月17日
武义县,3307232012B00070-1,武义县壶山街道黄龙工业功能区莹乡路以南洋垄水库西侧地块,武义县壶山街道黄龙工业功能区莹乡路以南洋垄水库西侧,10.000000,0.000000,工业用地,挂牌出让,50,船舶及浮动装置制造,十四等级,5212.0000,浙江汉力士船用推进系统股份有限公司,1.00,2.00,2013年08月30日,2013年12月31日,2017年12月30日,,,武义县,2012年02月17日
大关县,5306242012B00312,住宅用地,大关县木杆镇木杆村溜沙坡社,0.008400,0.008400,其他普通商品住房用地,协议出让,70,住宿业,三级,0.7237,张兴国,1.50,,2012年02月17日,2012年02月17日,2012年12月25日,,,大关县,2012年02月17日
友谊国土资源局,2393002012B00020,粮食精深加工及稻壳发电项目,友谊镇鸿福粮油加工有限公司北侧、东三路东侧,9.504300,0.000000,工业用地,挂牌出让,50,农副食品加工业,一级,1122.0000,友谊县新虹丰粮食经销有限公司,1.00,1.02,2012年02月20日,2012年04月15日,2014年10月31日,,,友谊县人民政府,2012年02月17日
郴州市本级,4310002012A00145,综合楼（袁才飞等13户）,七里大道138号,0.057200,0.021900,经济适用住房用地,划拨,,房地产业,四级,0.2800,,7.10,7.10,2012年02月17日,2012年02月17日,2012年02月17日,,,郴州市人民政府,2012年02月17日
博乐市,6527012012A00299,综合业务服务楼,口岸天山街以北、博乐街以南、友好路以东、博尔塔拉路以西,0.234000,0.234000,机关团体用地,划拨,,国家机构,一级,1.4040,,0.59,,1900年01月01日,1900年01月01日,1900年01月01日,,,博州国土资源局,2012年02月17日
太原市本级,1401002012B00169,太原市尖草坪区尖草坪服务城企业改制土地由太原市产权交易市场与改制资产一并公开出售给太原市利民商店有限公司,解放北路以西、太原钢铁集团有限公司以北、以东,0.224400,0.224400,其他商服用地,挂牌出让,40,零售业,三级,403.8426,太原市利民商店有限公司,0.91,,2012年02月17日,1900年01月01日,1900年01月01日,,,太原市,2012年02月17日
新乡市本级,4107002012B00042,公有住房、经济适用房上市交易,北站区宝山路191号11号楼2单元2层西户,0.002700,0.002700,其他普通商品住房用地,协议出让,70,房地产业,二级,0.0427,董纯强,,,2012年02月17日,1900年01月01日,1900年01月01日,,,新乡市,2012年02月17日
修武县,4108212012A00390,交通运输,斗武路西侧,10.511600,0.000000,公路用地,划拨,,,未评估地区,,,,,1900年01月01日,1900年01月01日,1900年01月01日,,,修武县人民政府,2012年02月17日
田东县,4510222012B00162,2010-C,田东县城东环城公路南侧,1.638220,0.000000,工业用地,挂牌出让,50,国家机构,四级,327.0000,广西田东工业投资开发有限公司,1.00,0.00,2012年02月17日,2012年08月17日,2014年08月17日,,,田东县,2012年02月17日
赫山区,4309032012B00049,胡金龙,沧水铺镇云峰路,0.054300,0.054300,其他普通商品住房用地,挂牌出让,40,房屋和土木工程业,一级,21.7000,胡金龙,2.60,2.60,2012年02月18日,2012年02月18日,2012年05月18日,,,益阳市赫山区人民政府,2012年02月17日
修武县,4108212012A00385,交通运输,斗武路东侧,11.584100,0.000000,公路用地,划拨,,,未评估地区,,,,,1900年01月01日,1900年01月01日,1900年01月01日,,,,2012年02月17日
惠州市本级,4413002012B00329-1,惠州五金机电综合市场,陈江五一村CJ04-04-06Z,2.356100,0.000000,仓储用地,挂牌出让,50,仓储业,三级,1081.0000,广东瑞银昌投资有限公司,1.00,0.00,2012年05月07日,2016年12月31日,2018年12月31日,,,惠州市,2012年02月17日
67团,6604072012B00079,六十七团段泽勇商用房,农四师67团团部,0.122500,0.122500,批发零售用地,挂牌出让,40,零售业,十四等级,14.9450,段泽勇,0.60,0.80,2012年03月30日,2012年04月30日,2013年10月30日,,,新疆生产建设兵团农四师,2012年02月17日
安阳市本级,4105002012A00025,华祥路,西瓦亭,4.251500,0.000000,公路用地,划拨,,,四级,,,,,1900年01月01日,1900年01月01日,1900年01月01日,,,安阳市人民政府,2012年02月17日
中卫市本级,6405002012B00016,宁夏兆丰房地产开发有限公司,,3.429800,0.000000,其他商服用地,挂牌出让,40,房地产业,三级,1927.0000,宁夏兆丰房地产开发有限公司,,1.80,2012年03月31日,2012年03月31日,2013年03月31日,,,中卫市,2012年02月17日
温宿县,6529222012B00023,温宿县工业循环经济产业园天然气加注站建设项目,国道314线959.5公里处南侧,0.664600,0.000000,其他商服用地,挂牌出让,40,燃气生产和供应业,未评估地区,80.7600,阿克苏新捷能源有限公司,,0.20,2012年02月20日,2012年03月02日,2013年03月30日,,,温宿县,2012年02月17日
67团,6604072012B00059,六十七团苗维刚商用房,农四师六十七团团部,0.029300,0.029300,批发零售用地,挂牌出让,40,零售业,十四等级,3.5697,苗维刚,1.20,1.50,2012年03月30日,2012年04月30日,2012年10月30日,,,新疆生产建设兵团农四师,2012年02月17日
建始县,4228222012B00015,中国石油化工股份有限公司湖北恩施石油分公司,建始县官店镇侯家垭村,0.120000,0.120000,其他商服用地,挂牌出让,40,零售业,未评估地区,18.0000,中国石油化工股份有限公司湖北恩施石油分公司,,0.50,2012年03月18日,2012年04月08日,2013年04月08日,,,建始县,2012年02月17日
惠州市本级,4413002012B00317-1,惠州五金机电综合市场,陈江五一村CJ04-04-05Z,10.357900,0.000000,仓储用地,挂牌出让,50,仓储业,三级,4752.4000,广东瑞银昌投资有限公司,1.00,0.00,2012年05月07日,2016年12月31日,2018年12月31日,,,惠州市,2012年02月17日
包头市本级,1502002012B00151,检苑小区住宅楼项目,昆区林荫南路以东、校园路北侧,0.575067,0.575067,中低价位、中小套型普通商品住房用地,挂牌出让,70,房地产业,三级,1074.2252,内蒙古隆德房地产开发有限责任公司,1.00,3.00,2012年08月09日,2013年02月09日,2015年02月09日,,,包头市,2012年02月17日
宣恩县,4228252012B00058,40万只火腿技术改造项目,宣恩县莲花坝村一组,1.372200,0.690600,工业用地,挂牌出让,50,农副食品加工业,四级,366.3774,湖北大派食品有限责任公司,1.00,,2012年02月19日,2012年03月01日,2013年03月01日,,,宣恩县,2012年02月17日
67团,6604072012B00039,六十七团陈宗兰商用房,农四师67团团部,0.016700,0.016700,批发零售用地,挂牌出让,40,零售业,十四等级,2.0398,陈宗兰,1.20,1.50,2012年03月30日,2012年04月30日,2013年10月30日,,,新疆生产建设兵团农四师,2012年02月17日
顺德区,4406062012B01803,勒流（梁珠）住宅用地,佛山市顺德区勒流街道勒流居民委员会沿江北路三座601,0.001600,0.001600,其他普通商品住房用地,协议出让,70,房地产业,四级,0.5687,梁珠,,,2012年02月17日,1900年01月01日,1900年01月01日,,,佛山市顺德区,2012年02月17日
长乐市,3501822012B00245,厂房及附属设施,长乐市文岭镇石壁村,30.000000,0.000000,工业用地,挂牌出让,50,软件业,未评估地区,5040.0000,福建天晴在线互动科技有限公司,0.80,,2012年08月17日,2013年08月17日,2014年08月17日,,,长乐市,2012年02月17日
顺德区,4406062012B01814,勒流（阮秀珍）住宅用地,佛山市顺德区勒流街道江义村东西环村路23号,0.003000,0.003000,其他普通商品住房用地,协议出让,70,房地产业,五级,0.4305,阮秀珍,,,2012年02月17日,1900年01月01日,1900年01月01日,,,佛山市顺德区,2012年02月17日
田东县,4510222012B00080,氯乙酸项目,田东县石化园区一号地,4.559703,0.000000,工业用地,挂牌出让,50,化学原料及化学制品制造业,五级,944.0000,广西田东新特化工有限公司,0.60,0.00,2012年02月17日,2012年08月17日,2014年08月17日,,,田东县,2012年02月17日
安阳市本级,4105002012A00052,老六庄、党校、文明大道、人文学院东段、大通电子代征道路和绿地,老六庄、党校、文明大道、人文学院东段、大通电子,34.998000,0.000000,公路用地,划拨,,,三级,,,,,1900年01月01日,1900年01月01日,1900年01月01日,,,,2012年02月17日
67团,6604072012B00013,农四师六十七团于世伟商用房建设项目,新疆生产建设兵团农四师六十七团,0.240000,0.240000,批发零售用地,挂牌出让,40,零售业,十四等级,29.2800,于世伟,0.60,0.80,2012年03月30日,2012年04月30日,2013年10月30日,,,新疆生产建设兵团农四师,2012年02月17日
龙胜各族自治县,4503282012B00240,住宅楼,原和平乡供销社保鲜仓1#,0.048200,0.048200,其他普通商品住房用地,挂牌出让,70,住宿业,一级,40.0700,阎鼎合,,,1900年01月01日,2012年02月17日,2014年02月17日,,,龙胜各族自治县人民政府,2012年02月17日
衡阳市本级,4304002012A02120,衡阳市107国道城区路段改线工程路基用地、管理用地,雁峰区湘江乡金桥村,4.109200,4.109200,公路用地,划拨,,道路运输业,六级,0.0000,,1.50,1.50,2012年03月17日,2012年03月17日,2013年03月17日,,,衡阳市人民政府,2012年02月17日
宣化县,1307212012B00019,河北盛华北方循环经济氯碱基地项目,梅家营村、向家营村、河家堰村,20.000000,0.000000,工业用地,挂牌出让,50,化学原料及化学制品制造业,未评估地区,2040.0000,河北盛华化工有限公司,0.60,,2012年02月29日,2012年04月29日,2013年09月30日,,,宣化县,2012年02月17日
西乡塘区,4501072012A00028,广西艺术学院新校区一期项目,罗文大道北侧、新村大道西侧,10.654053,0.000000,科教用地,划拨,,教育业,四级,2263.3213,,0.00,1.10,2012年04月17日,2013年04月17日,2016年04月17日,,,南宁市人民政府,2012年02月17日
惠州市本级,4413002012B00307-1,惠州五金机电综合市场,陈江五一村CJ04-04-03Z,5.088400,0.000000,仓储用地,挂牌出让,50,仓储业,三级,2335.0000,广东瑞银昌投资有限公司,1.00,0.00,2012年05月07日,2016年12月31日,2018年12月31日,,,惠州市,2012年02月17日
包头市本级,1502002012B00141,广播电视大学综合改造,昆区青年路南侧、阿尔丁北大街西侧（电大院内）,0.480500,0.480500,中低价位、中小套型普通商品住房用地,挂牌出让,70,房地产业,一级,2447.3546,包头市建华天诚置业有限公司,1.00,5.60,2012年05月09日,2012年08月09日,2014年08月09日,,,包头市,2012年02月17日
稷山县,1408242012B00048,运城市世纪房地产开发有限公司,稷南大街北侧,0.236200,0.000000,其他普通商品住房用地,挂牌出让,其他普通商品住房用地70年; 其他商服用地40,房地产业,二级,325.0000,运城市世纪房地产开发有限公司,3.00,4.50,2012年03月31日,2012年05月01日,2014年05月01日,,,稷山县,2012年02月17日
衡阳市本级,4304002012A02117,衡阳市总工会维权帮扶中心,高新产业技术开发区38号街区04号地块,1.641900,1.641900,机关团体用地,划拨,,国家机构,六级,0.0000,,2.87,2.87,2012年02月17日,2012年06月17日,2013年06月17日,,,衡阳市人民政府,2012年02月17日
梓潼县,5107252012B00227,私房,文昌镇和平路,0.001000,0.001000,其他普通商品住房用地,协议出让,70,住宿业,一级,0.0957,杨星忠,,,2012年01月12日,1900年01月01日,1900年01月01日,,,梓潼县,2012年02月17日
郴州市本级,4310002012B00157,憩园新村,惠泽路,0.865400,0.865400,其他普通商品住房用地,协议出让,64,房地产业,五级,650.0000,郴州中地行房地产开发有限公司,3.73,3.73,2012年02月17日,1900年01月01日,1900年01月01日,,,郴州市,2012年02月17日
修武县,4108212012A00378,公共管理与公共服务,丰收路南侧,0.375900,0.000000,机关团体用地,划拨,,,未评估地区,,,,,1900年01月01日,1900年01月01日,1900年01月01日,,,修武县人民政府,2012年02月17日
梓潼县,5107252012B00210,私房,文昌镇和平路,0.001300,0.001300,其他普通商品住房用地,协议出让,70,住宿业,一级,0.1228,贾腾位,,,2012年01月12日,1900年01月01日,1900年01月01日,,,梓潼县,2012年02月17日
修武县,4108212012A00787,公共管理与公共服务,云台大道西侧,2.953100,0.000000,公共设施用地,划拨,,,未评估地区,,,,,1900年01月01日,1900年01月01日,1900年01月01日,,,修武县人民政府,2012年02月17日
泗县,3413242012A00086,泗县百姓医院建设项目,泗城镇国防北路59号,0.573400,0.000000,医卫慈善用地,划拨,,卫生,二级,103.2120,,,,2012年02月25日,2012年08月31日,2013年08月30日,,,,2012年02月17日
彭山县,5114222012B00029-1,四川彭祖文化旅游开发有限公司,武阳乡,7.000000,0.000000,中低价位、中小套型普通商品住房用地,拍卖出让,70,房地产业,二级,2635.0000,四川彭祖文化旅游开发有限公司,1.00,2.20,2012年08月31日,2013年02月28日,2015年08月31日,,,彭山县,2012年02月17日
龙胜各族自治县,4503282012B00239-2,住宅楼,龙胜镇北岸新区日新路旁,0.019060,0.000000,其他普通商品住房用地,协议出让,70,住宿业,四级,4.4600,谭志玉,1.00,5.00,2012年02月17日,2012年02月17日,2014年02月17日,,,龙胜各族自治县人民政府,2012年02月17日
梓潼县,5107252012B00201,私房,文昌镇和平路,0.001000,0.001000,其他普通商品住房用地,协议出让,70,住宿业,一级,0.0899,王希勇、蒲利华,,,2012年01月12日,1900年01月01日,1900年01月01日,,,梓潼县,2012年02月17日
宾阳县,4501262012B00476,住宅项目,宾阳县商贸城北二区一排,0.006000,0.006000,中低价位、中小套型普通商品住房用地,协议出让,70,居民服务业,二级,1.2580,谢铭林,,6.00,2012年02月17日,1900年01月01日,1900年01月01日,,,宾阳县,2012年02月17日
荣昌县,5002262012B00048,机械加工,昌州街道,1.525800,0.000000,工业用地,挂牌出让,50,通用设备制造业,十二级,194.2812,重庆荣骄机械设备有限公司,1.20,,2012年03月20日,2012年09月20日,2013年09月20日,,,荣昌县,2012年02月17日
长乐市,3501822012B00271,厂房及附属设施,长乐市湖南镇大鹤村,5.426700,0.000000,工业用地,挂牌出让,50,食品制造业,未评估地区,911.6800,明一(福建)婴幼儿营养品有限公司,1.00,1.20,2012年08月17日,2013年08月17日,2014年08月17日,,,长乐市,2012年02月17日
彭山县,5114222012B00036-1,四川彭祖文化旅游开发有限公司,武阳乡,4.056700,0.000000,中低价位、中小套型普通商品住房用地,拍卖出让,70,房地产业,二级,1532.0000,四川彭祖文化旅游开发有限公司,1.00,2.20,2012年08月31日,2013年02月28日,2015年08月31日,,,彭山县,2012年02月17日
绍兴县,3306212012B00158-2,安昌镇L-16号,安昌镇昌和路以西，安康路以南,3.343900,0.000000,中低价位、中小套型普通商品住房用地,挂牌出让,70,房地产业,二级,7414.0000,娄为民,1.10,1.30,2012年09月29日,2013年01月16日,2016年01月16日,,,绍兴县,2012年02月17日
荣昌县,5002262012B00056,日化用品,昌州街道,0.910800,0.000000,工业用地,挂牌出让,,工艺品及其他制造业,十二级,112.0284,重庆可卡日用化工有限公司,1.20,,2012年03月20日,2012年09月20日,2013年09月20日,,,荣昌县,2012年02月17日
零陵区,4311022012B00355,湖南移动通信有限责任公司永州分公司芝山营业部11,零陵区石山脚乡政府旁,0.019300,0.019300,公共设施用地,协议出让,50,住宿业,未评估地区,0.7883,湖南移动通信有限责任公司永州分公司芝山营业部11,,,2012年02月17日,1900年01月01日,1900年01月01日,,,零陵区,2012年02月17日
通许县,4102222012B00082,陈磊,通许县宏达大道东段南侧,0.399100,0.000000,其他普通商品住房用地,挂牌出让,70,房地产业,二级,195.3400,陈磊,1.00,1.80,2012年02月17日,2012年04月16日,2014年04月16日,,,通许县人民政府,2012年02月17日
兴城市,2114812012B00045,关于向兴城市富达房地产有限公司出让国有土地使用权的批复,临河街北侧、首山东路西侧、友谊路东侧,5.333362,5.333362,其他普通商品住房用地,挂牌出让,70,建筑安装业,三级,9600.0000,兴城市富达房地产有限公司,1.00,2.20,2012年04月01日,2012年05月01日,2014年05月01日,,,兴城市,2012年02月17日
连州市,4418822012B00094,清远宝晶油墨化工化工有限公司用地,清远民族工业园兴园路地段,1.712600,0.000000,工业用地,挂牌出让,50,化学原料及化学制品制造业,九级,289.5000,清远宝晶油墨化工化工有限公司,,1.60,2012年03月16日,2012年03月17日,2013年03月17日,,,连州市,2012年02月17日
荣昌县,5002262012B00067,标准厂房,昌州街道,1.926800,0.000000,工业用地,挂牌出让,,房屋和土木工程业,十二级,236.9964,重庆市荣昌县宏业实业开发有限公司,1.20,,2012年03月20日,2012年09月20日,2013年09月20日,,,荣昌县,2012年02月17日
昌图县,2112242012B00177,铁岭老康肥业有限公司新建厂房、办公楼,太平乡人民政府南侧地块,1.728000,1.728000,工业用地,挂牌出让,50,化学原料及化学制品制造业,十三等级,179.8000,铁岭老康肥业有限公司,0.80,0.00,2012年02月17日,2012年02月17日,2014年02月16日,,,昌图县,2012年02月17日
赫山区,4309032012B00117,周正华.江建军.徐志彬.蔡继元.彭劲松.徐美香.刘卫红,沧水铺镇教育路,0.045600,0.000000,其他普通商品住房用地,挂牌出让,40,房屋和土木工程业,未评估地区,14.2000,周正华.江建军.徐志彬.蔡继元.彭劲松.徐美香,2.60,2.60,2012年02月18日,2012年02月18日,2012年05月18日,,,益阳市赫山区人民政府,2012年02月17日
连州市,4418822012B00074,清远市伟畅达化工有限公司用地,清远民族工业园兴园路地段,3.598400,0.000000,工业用地,挂牌出让,50,化学原料及化学制品制造业,九级,608.2000,清远市伟畅达化工有限公司,,1.60,2012年03月16日,2012年03月17日,2013年03月17日,,,连州,2012年02月17日
太康县,4116272012B00010-1,河南神风锅炉厂,未来路东侧，兰河南侧,9.927300,0.000000,工业用地,挂牌出让,50,通用设备制造业,四级,2150.0000,河南神风锅炉有限公司,0.80,1.20,2012年05月01日,2012年05月31日,2013年05月01日,,,太康县,2012年02月17日
荣昌县,5002262012B00078,精密模具、注塑,昌州街道,1.275900,0.000000,工业用地,挂牌出让,,橡胶制品业,十二级,156.9357,重庆闽通塑胶制品有限公司,1.00,,2012年03月20日,2012年09月20日,2013年09月20日,,,荣昌县,2012年02月17日
松阳县,3311242012B00135,周金雄,古市镇松洲路迁建安置区F6号地块,0.009400,0.000000,其他住房用地,拍卖出让,安置房等其他住房用地70年; 其他商服用地40,房地产业,十四等级,102.0060,周金雄,1.00,5.03,2012年03月23日,2012年09月23日,2014年03月23日,,,松阳县,2012年02月17日
衡东县,4304242012B00079,赵贵雄等18人,衡东县城关镇堰湾路,0.099800,0.000000,其他普通商品住房用地,挂牌出让,70,房地产业,二级,127.7440,赵贵雄等18人,1.00,2.00,2012年02月17日,2012年05月01日,2013年05月01日,,,衡东县,2012年02月17日
江华瑶族自治县,4311292009B00287,江华瑶族自治县沱江镇冯乘路西、双龙纸业北国有建设用地使用权,江华瑶族自治县沱江镇冯乘路西、双龙纸业北,0.384430,0.000000,其他商服用地,挂牌出让,40,燃气生产和供应业,三级,203.0000,江华县顺源液化气供应站,0.00,0.90,2012年02月17日,2012年08月17日,2014年02月17日,,,江华瑶族自治县,2012年02月17日
连州市,4418822012B00081,清远市宝利通化工有限公司用地,清远民族工业园二十号路地段,1.913800,0.000000,工业用地,挂牌出让,50,化学原料及化学制品制造业,九级,323.5000,清远市宝利通化工有限公司,,1.60,2012年03月16日,2012年03月17日,2013年03月17日,,,连州市,2012年02月17日
海伦市,2312832012B00100,北苑小区住宅楼,东风镇政府南侧,0.323100,0.323100,中低价位、中小套型普通商品住房用地,挂牌出让,70,房地产业,四级,46.0300,海伦东盛房地产开发有限公司,2.17,2.17,2012年03月16日,2012年03月19日,2012年12月31日,,,海伦市,2012年02月17日
荣昌县,5002262012B00097,标准厂房,昌州街道,2.409700,0.000000,工业用地,挂牌出让,,房屋和土木工程业,十二级,296.3931,荣昌县四海实业发展有限公司,1.20,,2012年03月20日,2012年09月20日,2013年09月20日,,,荣昌县,2012年02月17日
沂南县,3713212012B00011,阳都国际,县城人民路以北，历山路以西,6.940500,6.940500,中低价位、中小套型普通商品住房用地,挂牌出让,批发零售用地40年; 中低价位、中小套型普通商品住房用地70,房地产业,一级,18740.0000,山东贝尔特置业有限公司,1.00,3.00,2012年02月17日,2012年07月01日,2015年07月01日,,,沂南县,2012年02月17日
梓潼县,5107252012B00195,私房,文昌镇和平路,0.001300,0.001300,其他普通商品住房用地,协议出让,70,住宿业,一级,0.1228,宋钊花,,,2012年01月12日,1900年01月01日,1900年01月01日,,,梓潼县,2012年02月17日
荣昌县,5002262012B00106,网络播放器,昌州街道,1.485000,0.000000,工业用地,挂牌出让,50,通讯设备、计算机及其他电子设备制造业,十二级,217.4763,荣昌县致尚科技有限公司,1.20,,2012年03月20日,2012年09月20日,2013年09月20日,,,荣昌县,2012年02月17日
荣昌县,5002262012B00119,日化用品,昌州街道,0.400000,0.000000,工业用地,挂牌出让,,工艺品及其他制造业,十二级,49.2000,重庆军科日化有限公司,1.20,,2012年03月20日,2012年09月20日,2013年09月20日,,,荣昌县,2012年02月17日
零陵区,4311022012B00347,芝山移动通信分公司1,零陵区接里桥镇柘塘村5、6组山上,0.011700,0.011700,公共设施用地,协议出让,50,住宿业,未评估地区,0.5967,芝山移动通信分公司1,,,2012年02月17日,1900年01月01日,1900年01月01日,,,零陵区,2012年02月17日
梓潼县,5107252012B00187,私房,文昌镇和平路,0.001300,0.001300,其他普通商品住房用地,协议出让,70,住宿业,一级,0.1228,彭蚬森,,,2012年01月12日,1900年01月01日,1900年01月01日,,,梓潼县,2012年02月17日
通江县,5119212012B01274,住宅,通江县杨柏乡街道,0.018500,0.018500,其他普通商品住房用地,协议出让,50,住宿业,一级,2.7195,余定江,1.00,3.00,2012年02月18日,2012年02月18日,2013年02月17日,,,通江县,2012年02月17日
枞阳县,3408232012B00788,陈瑶湖镇永盛塑业有限责任公司项目,枞阳县陈瑶湖虾溪村,0.590000,0.000000,工业用地,挂牌出让,50,塑料制品业,三级,80.6500,枞阳县陈瑶湖镇永盛塑业有限责任公司,1.00,1.00,2012年02月28日,2012年02月28日,2014年02月28日,,,枞阳县,2012年02月17日
330621007,3306212012B00160,孙端镇11-05号地块,孙端镇钱陶公路及高铁以北，鲁易大楼以西,1.116500,1.084100,中低价位、中小套型普通商品住房用地,挂牌出让,70,房地产业,二级,2065.0000,陶金法、苗传华、蒋荣,1.30,1.35,2012年03月19日,2012年09月14日,2014年09月14日,,,绍兴县,2012年02月17日
宁河县,1202212012B00034,天津卡实好燃具有限公司,宁河县经济开发区,2.669100,2.669100,工业用地,挂牌出让,50,金属制品业,二级,676.0000,天津卡实好燃具有限公司,0.80,,2012年02月17日,2012年08月17日,2014年02月17日,,,宁河县,2012年02月17日
修武县,4108212012A00217,交通运输,为民路北侧,1.179900,0.000000,公路用地,划拨,,,二级,,,,,2012年02月17日,1900年01月01日,1900年01月01日,,,修武县人民政府,2012年02月17日
梓潼县,5107252012B00170,私房,文昌镇和平路,0.001300,0.001300,其他普通商品住房用地,协议出让,70,住宿业,一级,0.1228,冯玲,,,2012年01月12日,1900年01月01日,1900年01月01日,,,梓潼县,2012年02月17日
临泉县,3412212012A00033,102省道西湖至临泉段改建一级公路,临泉县工业园区、牛庄乡、杨桥镇、谭棚镇,3.628800,0.000000,公路用地,划拨,,道路运输业,未评估地区,,,,,2012年02月29日,2012年03月29日,2013年03月29日,,,临泉县人民政府,2012年02月17日
温岭市,3310812012B00109-4,东部产业集聚区DB210505－a地块工业用地出让,东部产业集聚区,12.333300,12.333300,工业用地,挂牌出让,50,造纸及纸质品业,十级,4403.0000,温岭市森林包装制品有限公司,1.10,2.50,2012年03月18日,2012年12月17日,2017年12月17日,,,温岭市,2012年02月17日
新干县,3608242011B00714,新干县腾达木材加工厂,新干县赣中林产工业城,1.868000,0.000000,工业用地,挂牌出让,50,木材加工及木、竹、藤、棕、草制品业,十三等级,179.3280,新干县腾达木材加工厂,0.70,1.30,2012年04月20日,2013年04月20日,2015年04月20日,,,新干县,2012年02月17日
新都区,5101142012B00077,四川大西洋焊接材料股份有限公司成都分公司,新都区工业东区,2.930300,0.000000,工业用地,挂牌出让,50,专用设备制造业,一级,703.2816,四川大西洋焊接材料股份有限公司成都分公司,0.90,,2012年02月18日,2012年02月24日,2012年07月10日,,,成都市新都区,2012年02月17日
修武县,4108212012A00361,交通运输,丰收路北侧,0.587000,0.000000,公路用地,划拨,,,未评估地区,,,,,1900年01月01日,1900年01月01日,1900年01月01日,,,修武县人民政府,2012年02月17日
诸暨市,3306812012B00159-2,浙江中瑞置业有限公司商业办公用地,诸暨市城东中心区B3-2,0.938400,0.000000,其他商服用地,拍卖出让,50,商务服务业,九级,9500.0000,浙江中瑞置业有限公司,3.40,3.80,2012年02月17日,2012年08月17日,2013年12月30日,,,诸暨市,2012年02月17日
长乐市,3501822012B00227,厂房及附属设施,长乐市漳港街道,28.303600,0.000000,仓储用地,挂牌出让,50,仓储业,未评估地区,4754.9600,福建翔孚进出口贸易有限公司,0.60,,2012年08月17日,2013年08月17日,2014年08月17日,,,长乐市,2012年02月17日
清城区,4418022012B00098-2,清远市兴谊投资有限公司,清远市清城区凤城大桥引道以西、笔架河以东、北江河以北的东城新区,1.544418,0.000000,中低价位、中小套型普通商品住房用地,挂牌出让,70,房地产业,八级,4600.0000,清远市兴谊投资有限公司,1.00,3.60,2012年03月15日,2014年03月14日,2017年03月14日,,,清远市,2012年02月17日
龙山县,4331302012A00115,龙永公路改建二期工程,龙山县,25.546200,0.000000,公路用地,划拨,,国家机构,四级,,,,,2012年02月17日,2012年04月17日,2014年04月17日,,,龙山县人民政府,2012年02月17日
梓潼县,5107252012B00162,私房,文昌镇文昌路,0.001600,0.001600,其他普通商品住房用地,协议出让,70,住宿业,一级,0.1507,谢爱华,,,2012年01月12日,1900年01月01日,1900年01月01日,,,梓潼县,2012年02月17日
修水县,3604242012B00078,黄沙镇集镇新街规划路商业、住宅用地（二期）,黄沙镇集镇新街,0.083200,0.000000,中低价位、中小套型普通商品住房用地,挂牌出让,70,房地产业,未评估地区,52.2048,郑利红、付平原等5户,1.00,5.90,2012年02月18日,2012年02月19日,2014年02月18日,,,修水县,2012年02月17日
赫山区,4309032012B00106,徐菊辉,沧水铺镇教育路,0.022800,0.000000,其他普通商品住房用地,挂牌出让,40,房屋和土木工程业,未评估地区,7.1000,徐菊辉,2.60,2.60,2012年02月18日,2012年02月18日,2012年05月18日,,,益阳市赫山区人民政府,2012年02月17日
五华县,4414242012B00170-1,胡秋花,水寨镇华兴中路,0.002100,0.002100,中低价位、中小套型普通商品住房用地,协议出让,70,房地产业,十二级,0.1120,胡秋花,,,2012年02月17日,2012年02月17日,2012年02月17日,,,五华县,2012年02月17日
南安市,3505832012B00077,南安市三晶阳光电力有限公司厂房及配套设施项目,霞美镇山美村,4.000000,0.000000,工业用地,挂牌出让,50,其它,十级,1020.0000,南安市三晶阳光电力有限公司,1.40,0.00,2010年11月12日,2012年05月17日,2014年05月17日,,,泉州市,2012年02月17日
黎平县,5226312012B01155,朱家冲B15,黎平县德凤镇朱家冲安置区,0.020174,0.020174,医卫慈善用地,协议出让,70,居民服务业,十五等级,4.4383,陈启贤,0.00,2.60,2012年08月31日,2012年12月31日,2015年12月31日,,,黎平县,2012年02月17日
昆明市本级,5301002012B00248,昆明神州天宇置业有限公司城镇住宅用地项目,盘龙区联盟街道办事处小厂村股份合作社,0.525200,0.525200,其他普通商品住房用地,挂牌出让,70,房地产业,三级,9164.4400,昆明神州天宇置业有限公司,1.00,5.70,2012年05月02日,2013年02月17日,2015年02月17日,,,昆明市,2012年02月17日
宁海县,3302262012B00950,宁波震裕模具有限公司新建厂房,梅桥区块,3.333300,0.000000,工业用地,挂牌出让,50,专用设备制造业,十三等级,1950.0030,宁波震裕模具有限公司,1.00,2.00,2012年05月17日,2013年02月17日,2014年02月17日,,,宁海县,2012年02月17日
修武县,4108212012A00208,交通运输,云台大道西侧,0.600000,0.000000,,划拨,,,一级,,,,,2012年02月17日,1900年01月01日,1900年01月01日,,,修武县人民政府,2012年02月17日
兴城市,2114812012B00036,关于收地并向韩兆术出让国有土地使用权的批复,温泉办事处绿园居委,3.198176,3.198176,批发零售用地,挂牌出让,40,零售业,二级,4797.0000,韩兆术,1.00,5.80,2012年04月01日,2012年05月01日,2014年05月01日,,,兴城市,2012年02月17日
掇刀区,4208042012B00414,张场加油站,荆门市掇刀区团林铺镇代塝村,0.019600,0.019600,批发零售用地,挂牌出让,40,零售业,九级,24.0000,荆门市团林铺镇张场加油站,0.50,,2012年06月30日,2012年08月01日,2014年08月01日,,,荆门市掇刀区,2012年02月17日
龙里县,5227302012B00130,刘国顺个人修建住宅,龙山镇环南路安置小区,0.011900,0.011900,经济适用住房用地,协议出让,70,房地产业,十三等级,1.2949,刘国顺,1.00,6.00,2012年02月19日,2012年02月20日,2012年02月20日,,,龙里县,2012年02月17日
零陵区,4311022012B00337,湖南省移动公司芝山分公司1,零陵区朝阳办事处东岳宫居委会,0.010000,0.010000,公共设施用地,协议出让,50,住宿业,未评估地区,0.6000,湖南省移动公司芝山分公司1,,,2012年02月17日,1900年01月01日,1900年01月01日,,,零陵区,2012年02月17日
襄阳区,4206072012B00219,襄阳博亚精工装备股份有限公司,襄州区张湾街道办事处朱庄社区,22.555200,0.000000,工业用地,挂牌出让,50,通用设备制造业,四级,3409.6946,襄阳博亚精工装备股份有限公司,0.80,,2012年02月24日,2012年03月01日,2013年08月31日,,,襄阳市襄州区,2012年02月17日
宁海县,3302262012B00976,宁波双林汽车部件股份有限公司,梅桥区块,8.959000,0.000000,工业用地,挂牌出让,50,其它,十三等级,5243.6900,宁波双林汽车部件股份有限公司,1.00,2.00,2012年05月17日,2013年02月17日,2015年02月17日,,,宁海县,2012年02月17日
修武县,4108212012A00169-1,交通运输,修武县文华路,0.132500,0.000000,公路用地,划拨,,道路运输业,一级,,,,,2012年02月17日,1900年01月01日,1900年01月01日,,,修武县人民政府,2012年02月17日
舒城县,3415232012B00040,安徽舒城农村合作银行新建金融办公楼项目,开发区梅河西路与高峰路交叉口处,1.490600,1.490600,商务金融用地,挂牌出让,40,银行业,二级,2330.0000,安徽舒城农村合作银行,2.50,3.20,2012年05月09日,2012年08月09日,2013年08月09日,,,舒城县,2012年02月17日
梓潼县,5107252012B00155,私房,文昌镇文昌路,0.001600,0.001600,其他普通商品住房用地,协议出让,70,住宿业,一级,0.1507,何健,,,2012年01月12日,1900年01月01日,1900年01月01日,,,梓潼县,2012年02月17日
界首市,3412822012A00141,界首市公安局、司法局业务技术用房建设,天安路东侧、顺和路北侧,0.777600,0.000000,机关团体用地,划拨,,国家机构,三级,0.0000,,,2.00,2012年03月01日,2012年06月01日,2013年06月01日,,,界首市人民政府,2012年02月17日
靖宇县,2206222012B00066,星泰花园小区（一期）,靖宇县新兴北路东、二道街南侧,1.012100,1.012100,其他普通商品住房用地,挂牌出让,其他商服用地40年; 其他普通商品住房用地70,房地产业,三级,542.1241,白山市凯厦房地产开发有限责任公司,1.00,2.89,2012年02月17日,2012年02月17日,2014年02月17日,,,靖宇县,2012年02月17日
靖宇县,2206222012B00070,星泰花园小区（二期）,靖宇县新兴北路东、二道街北,0.956000,0.956000,其他普通商品住房用地,挂牌出让,其他商服用地40年; 其他普通商品住房用地70,房地产业,三级,455.7302,白山市凯厦房地产开发有限责任公司,1.00,2.58,2012年02月17日,2012年02月17日,2014年02月17日,,,靖宇县,2012年02月17日
修武县,4108212012A00354,交通运输,丰收路北侧,0.460900,0.000000,公路用地,划拨,,,未评估地区,,,,,1900年01月01日,1900年01月01日,1900年01月01日,,,修武县人民政府,2012年02月17日
龙里县,5227302012B00126,赵波个人修建住宅,龙山镇环南路安置小区,0.011900,0.011900,经济适用住房用地,协议出让,70,房地产业,十三等级,1.2949,赵波,1.00,6.00,2012年02月19日,2012年02月20日,2012年02月20日,,,龙里县,2012年02月17日
沈阳市本级,2101002012B00235,哇哈哈,于洪区青城山路188号,7.517600,7.517600,工业用地,挂牌出让,50,专用设备制造业,一级,3615960309.0000,沈阳哇哈哈启力食品有限公司,1.00,,2012年02月20日,2013年02月20日,2016年02月20日,,,沈阳市,2012年02月17日
长乐市,3501822012B00268,厂房及附属设施,长乐市湖南镇,6.752500,0.000000,工业用地,挂牌出让,50,软件业,未评估地区,1134.4480,福建天集实业有限公司,0.80,,2012年08月17日,2013年08月17日,2014年08月17日,,,长乐市,2012年02月17日
黄陂区,4201162012B00017,湖北鼎正房地产开发有限公司,武湖农场正街,0.822000,0.817300,中低价位、中小套型普通商品住房用地,挂牌出让,70,房地产业,一级,1310.0000,湖北鼎正房地产开发有限公司,1.00,2.60,2012年03月17日,2012年09月17日,2014年09月17日,,,黄陂区,2012年02月17日
修武县,4108212012A00198,公共管理与公共服务,云台大道西侧,0.895000,0.000000,公园与绿地,划拨,,,二级,,,,,2012年02月17日,1900年01月01日,1900年01月01日,,,修武县人民政府,2012年02月17日
孝南区,4209022012B00076,李自兰,孝南经济开发区新华社区,0.011300,0.011300,其他普通商品住房用地,协议出让,54,房地产业,未评估地区,3.1314,李自兰,,,2012年02月29日,2012年02月29日,2012年02月29日,,,孝感市孝南区,2012年02月17日
赫山区,4309032012B00087,刘台珍、彭海深、唐青山,沧水铺镇教育路,0.022800,0.000000,其他普通商品住房用地,挂牌出让,40,房屋和土木工程业,未评估地区,7.1000,刘台珍、彭海深、唐青山,2.60,2.60,2012年02月17日,2012年02月18日,2012年05月18日,,,益阳市赫山区人民政府,2012年02月17日
梓潼县,5107252012B00148,私房,文昌镇和平路,0.001300,0.001300,其他普通商品住房用地,协议出让,70,住宿业,一级,0.1228,杨义君,,,2012年01月12日,1900年01月01日,1900年01月01日,,,梓潼县,2012年02月17日
沙县,3504272012B00057,沙县夏茂镇后邦地块,沙县夏茂镇沙将公路南侧,0.476500,0.476500,其他普通商品住房用地,挂牌出让,70,房地产业,四级,1156.0000,俞和金,1.00,2.40,2012年02月17日,2012年11月17日,2014年11月17日,,,沙县,2012年02月17日
宜黄县,3610262012B00029,双山塑业,宜黄县工业园区,2.554600,0.000000,工业用地,挂牌出让,50,塑料制品业,五级,153.2800,双山塑业有限公司,0.80,,2012年03月02日,2012年03月03日,2013年03月03日,,,宜黄县,2012年02月17日
修武县,4108212012A00683,公共管理与公共服务,丰收路北侧,1.565700,0.000000,机关团体用地,划拨,,,未评估地区,,,,,1900年01月01日,1900年01月01日,1900年01月01日,,,修武县人民政府,2012年02月17日
苏家屯区,2101112012A01145,中兴街小学幼儿园,沈阳市苏家屯区金桔二路2号,1.406900,1.406900,科教用地,划拨,,教育业,一级,0.0000,,1.00,0.00,2012年01月18日,2013年01月17日,2016年01月17日,,,沈阳市人民政府,2012年02月17日
邵东县,4305212012B00171,居住用地,东至双丹路、南至北岭路、西至竹苑路、北至长岭南路（具体以148-2号宗地红线图为准）,1.229000,0.000000,其他普通商品住房用地,挂牌出让,70,房地产业,三级,1755.7000,邵东县仁和置业有限公司,1.01,2.05,2013年02月17日,2013年03月17日,2015年03月17日,,,邵东县,2012年02月17日
通州区,1101122012B00069,北京市通州区马驹桥镇金桥科技产业基地B5-2-2地块,通州区马驹桥镇金桥科技产业基地,10.016300,0.000000,工业用地,挂牌出让,50,医药制造业,六级,5937.8320,天圣制药集团北京天泰慧智医药科技有限公司,,2.00,2012年02月17日,2012年08月01日,2014年08月01日,,,北京市通州区,2012年02月17日
台前县,4109272012B00028,综合文化广场项目用地,台前县新城区纬六路南、经六路西侧,2.926000,0.000000,其他商服用地,挂牌出让,50,商务服务业,一级,1681.6600,河南省台前县新华书店有限公司、濮阳经世投资有限公司,1.00,2.00,2012年04月30日,2012年07月20日,2014年07月20日,,,台前县,2012年02月17日
榆中县,6201232012B00039,甘肃越国钢料集团有限公司,金崖镇张家湾村,1.482600,0.000000,工业用地,挂牌出让,50,批发业,十三等级,156.3800,甘肃越国钢料集团有限公司,1.00,,2012年04月20日,2012年05月16日,2014年05月16日,,,榆中县,2012年02月17日
禄丰县,5323312012B00069,禄丰县拟挂牌出让101-09-05-238号地块,禄丰县金山镇,5.284300,0.000000,其他普通商品住房用地,挂牌出让,70,房地产业,二级,3355.5305,禄丰祥隆房地产开发有限公司,1.00,3.50,2012年05月31日,2013年05月30日,2016年05月29日,,,云南省,2012年02月17日
榆中县,6201232012B00045,兰州鑫林矿业有限公司,金崖镇张家湾村,0.140300,0.000000,工业用地,挂牌出让,50,批发业,十三等级,14.7000,兰州鑫林矿业有限公司,1.00,,2012年05月16日,2012年05月18日,2014年05月18日,,,榆中县,2012年02月17日
修武县,4108212012A00666,公共管理与公共服务,丰收路北侧,2.279300,0.000000,机关团体用地,划拨,,,未评估地区,,,,,1900年01月01日,1900年01月01日,1900年01月01日,,,修武县人民政府,2012年02月17日
330521110,3305212012B00131,德清县陆氏水泥制品有限公司,雷甸镇洋北村,0.302700,0.000000,仓储用地,挂牌出让,50,仓储业,二级,64.5084,德清县陆氏水泥制品有限公司,1.00,,2012年05月03日,2013年03月03日,2014年09月03日,,,德清县,2012年02月17日
盘龙区,5301032012B00527,个人已购住房划拨补办出让手续,昆明市新迎小区六组团1幢,0.000800,0.000800,其他普通商品住房用地,协议出让,70,房地产业,一级,0.4410,杨崇运,,,2012年02月20日,1900年01月01日,1900年01月01日,,,昆明市,2012年02月17日
禄丰县,5323312012B00077,禄丰县拟挂牌出让101-09-05-237号地块,禄丰县金山镇,6.794400,0.000000,其他普通商品住房用地,挂牌出让,70,房地产业,二级,4246.5000,禄丰祥隆房地产开发有限公司,1.00,3.50,2012年05月31日,2013年05月30日,2016年05月29日,,,云南省,2012年02月17日
榆中县,6201232012B00057,兰州鑫林矿业有限公司,金崖镇张家湾村,1.468700,0.000000,工业用地,挂牌出让,50,批发业,十三等级,154.2100,兰州鑫林矿业有限公司,1.00,,2012年04月17日,2012年05月18日,2014年05月18日,,,榆中县,2012年02月17日
屯昌县,4690222012A00050,屯昌思源实验高级中学项目,屯城镇龙河路以南,11.035000,1.333100,科教用地,划拨,,国家机构,十三等级,,,,0.90,2012年02月29日,2013年02月20日,2015年08月20日,,,屯昌县人民政府,2012年02月17日
修武县,4108212012A00659,公共管理与公共服务,丰收路南侧,1.809600,0.000000,公共设施用地,划拨,,,未评估地区,,,,,1900年01月01日,1900年01月01日,1900年01月01日,,,修武县人民政府,2012年02月17日
修武县,4108212012A00340,交通运输,丰收路北侧,0.806400,0.000000,公路用地,划拨,,,未评估地区,,,,,1900年01月01日,1900年01月01日,1900年01月01日,,,修武县人民政府,2012年02月17日
柘城县,4114242012A00150,政府道路（学苑路）,学苑路,6.775300,0.000000,街巷用地,划拨,,国家机构,三级,,,,,1900年01月01日,1900年01月01日,1900年01月01日,,,柘城县人民政府,2012年02月17日
赫山区,4309032012B00077,蒋远超、唐丽,沧水铺教育路,0.034200,0.000000,其他普通商品住房用地,挂牌出让,40,房屋和土木工程业,未评估地区,10.7000,蒋远超、唐丽,2.60,2.60,2012年02月17日,2012年02月18日,2012年05月18日,,,益阳市赫山区人民政府,2012年02月17日
修武县,4108212012A00714,公共管理与公共服务,丰收路南侧,3.261000,0.000000,公共设施用地,划拨,,,未评估地区,,,,,1900年01月01日,1900年01月01日,1900年01月01日,,,修武县人民政府,2012年02月17日
苏家屯区,2101112012B01130,沈阳科金特种材料有限公司,沈阳市苏家屯区先锋街46号,2.096240,2.096240,工业用地,拍卖出让,50,金属制品业,一级,192.8541,沈阳科金特种材料有限公司,,,2012年01月12日,2013年01月12日,2016年01月11日,,,沈阳市,2012年02月17日
修武县,4108212012A00186,交通运输,云台大道西侧,0.342200,0.000000,公路用地,划拨,,,二级,,,,,2012年02月17日,1900年01月01日,1900年01月01日,,,修武县人民政府,2012年02月17日
零陵区,4311022012B00326,湖南省移动公司芝山分公司,零陵区珠山镇灶背村鸭公岭上,0.011700,0.011700,公共设施用地,协议出让,50,住宿业,未评估地区,0.5967,湖南省移动公司芝山分公司,,,2012年02月17日,1900年01月01日,1900年01月01日,,,零陵区,2012年02月17日
修武县,4108212012A00627,交通运输,华芳路南侧,1.175500,0.000000,公路用地,划拨,,,未评估地区,,,,,1900年01月01日,1900年01月01日,1900年01月01日,,,修武县人民政府,2012年02月17日
东至县,3417212012B00410-1,化工园区11-2,东至香隅化工园区,3.866700,0.000000,工业用地,拍卖出让,3.8667,砖瓦、石材及其他建筑材料制造,一级,870.0000,东至仲俊混凝土有限公司、,,0.80,2012年02月25日,2012年07月05日,2013年07月05日,,,东至县,2012年02月17日
锡林郭勒盟本级,1525002012B00030,中国石油天然气股份有限公司内蒙古锡盟乌拉盖经营部乌拉盖第二加油站,101省道北侧，五一路东侧,0.400000,0.000000,其他商服用地,协议出让,40,零售业,四级,85.6000,中国石油天然气股份有限公司内蒙古锡盟乌拉盖经营部,0.06,0.30,2012年02月17日,2012年05月01日,2012年11月01日,,,锡林郭勒盟,2012年02月17日
罗山县,4115212012A00057,罗山县农业局四场职工安置小区,县产业聚集区,1.278000,0.000000,中低价位、中小套型普通商品住房用地,划拨,,房地产业,一级,0.0000,,1.00,1.42,2012年06月20日,2012年06月20日,2014年06月20日,,,罗山县人民政府,2012年02月17日
新都区,5101142012B00068,中国石油集团川庆钻探工程有限公司川西钻探公司,新都区工业东区,4.757300,0.000000,工业用地,挂牌出让,50,石油和天然气开采业,一级,1141.7584,中国石油集团川庆钻探工程有限公司川西钻探公司,0.90,,2012年02月18日,2012年02月20日,2012年08月20日,,,成都市新都区,2012年02月17日
修武县,4108212012A00619,交通运输,华芳路北侧,0.079500,0.000000,公路用地,划拨,,,未评估地区,,,,,1900年01月01日,1900年01月01日,1900年01月01日,,,修武县人民政府,2012年02月17日
鹤壁市本级,4106002012B00082,艺术中心花园小区,漓江路北侧，淇水大道东侧,3.233414,0.000000,商务金融用地,挂牌出让,40,房地产业,三级,3138.0000,鹤壁市鹤企联置业有限公司,1.00,2.50,2012年08月16日,2013年02月16日,2014年08月16日,,,鹤壁市,2012年02月17日
通州区,1101122012B00051,北京市通州区马驹桥镇金桥科技产业基地B2-3-3-2地块,通州区马驹桥镇金桥科技产业基地,2.022300,0.000000,工业用地,挂牌出让,50,,六级,1075.1940,鲜美乐国际食品(北京)有限公司,,2.00,2012年02月17日,2012年08月01日,2014年08月01日,,,北京市通州区,2012年02月17日
赫山区,4309032012B00066,唐曼蔓.唐永红.唐霞辉,沧水铺镇教育路,0.022800,0.000000,其他普通商品住房用地,挂牌出让,40,房屋和土木工程业,未评估地区,7.1000,唐曼蔓.唐永红.唐霞辉,2.60,2.60,2012年02月18日,2012年02月18日,2012年05月18日,,,益阳市赫山区人民政府,2012年02月17日
汤阴县,4105232012B00016,安阳恒诺平原药业有限公司迁建建设,工纵四街北段东侧,7.401500,0.000000,工业用地,挂牌出让,50,医药制造业,十三等级,935.0000,安阳恒诺平原药业有限责任公司,,,2012年05月17日,2013年02月17日,2014年02月17日,,,汤阴县,2012年02月17日
涟源市,4313822012B00059,划拨地协议出让,蓝田办事处车站路,0.001600,0.001600,其他普通商品住房用地,协议出让,70,住宿业,二级,0.1978,刘爱华,,,2012年02月17日,1900年01月01日,1900年01月01日,,,涟源市,2012年02月17日
修武县,4108212012A00646,公共管理与公共服务,华芳路北侧,2.036500,0.000000,公共设施用地,划拨,,,未评估地区,,,,,1900年01月01日,1900年01月01日,1900年01月01日,,,修武县人民政府,2012年02月17日
屏边苗族自治县,5325232012A00054,屏边县城供水改扩建工程三级调压站建设用地,屏边县大平田,0.124200,0.000000,水工建筑用地,划拨,,水的生产和供应业,一级,,,,,2012年02月17日,2013年02月16日,2014年02月15日,,,屏边县人民政府,2012年02月17日
湘潭县,4303212012B01348,湘潭湘嘉食品有限公司,易俗河镇山塘村,8.801500,0.000000,工业用地,挂牌出让,50,农副食品加工业,四级,2640.4500,湘潭湘嘉食品有限公司,1.00,1.50,2012年05月09日,2012年08月09日,2013年08月09日,,,湘潭县,2012年02月17日
屯昌县,4690222012A00032,屯昌县城北幼儿园项目,屯城镇龙河路以南,1.580800,0.000000,科教用地,划拨,,国家机构,十三等级,,,,1.00,2012年02月29日,2013年02月20日,2015年08月20日,,,屯昌县人民政府,2012年02月17日
修武县,4108212012A00602,交通运输,焦修路北侧,0.126300,0.000000,公路用地,划拨,,,未评估地区,,,,,1900年01月01日,1900年01月01日,1900年01月01日,,,,2012年02月17日
330726003,3307262012B00033,大许区块工业用地二地块,浦江经济开发区(许山路以西、前方大道以南）,4.818000,0.000000,工业用地,挂牌出让,50,其它,二级,1499.7600,浙江航天神舟电控技术有限公司,1.00,3.00,2012年04月17日,2012年09月17日,2014年03月17日,,,浦江县,2012年02月17日
零陵区,4311022012B00313,芝山移动通信分公司,零陵区化工集团院内,0.014400,0.014400,公共设施用地,协议出让,50,住宿业,未评估地区,0.8640,芝山移动通信分公司,,,2012年02月17日,1900年01月01日,1900年01月01日,,,零陵区,2012年02月17日
隆阳区,5305022012A00025-1,保山市公安局隆阳分局新建板桥派出所综合业务楼项目建设用地,隆阳区板桥镇高海村委会,0.456400,0.000000,机关团体用地,划拨,,国家机构,未评估地区,165.6732,,0.45,,2012年04月30日,2012年04月30日,2015年04月30日,,,保山市隆阳区人民政府,2012年02月17日
顺德区,4406062012B01790,勒流（吴玉玲）住宅用地,佛山市顺德区勒流街道大晚居委会大同环球路,0.008000,0.008000,其他普通商品住房用地,协议出让,70,房地产业,三级,2.0202,吴玉玲,,,2012年02月17日,1900年01月01日,1900年01月01日,,,佛山市顺德区,2012年02月17日
苏家屯区,2101112012A01125,教学楼及附属用房,沈阳市苏家屯区迎春北街139号,1.109000,1.109000,科教用地,划拨,,教育业,一级,0.0000,,0.00,0.71,2012年02月17日,2013年02月17日,2016年02月16日,,,沈阳市人民政府,2012年02月17日
屯昌县,4690222012A00048,屯昌县思源路市政工程项目,屯城镇龙河路以南,0.934800,0.561700,街巷用地,划拨,,国家机构,十三等级,,,,,2012年02月29日,2013年02月20日,2015年08月20日,,,屯昌县人民政府,2012年02月17日
修武县,4108212012A00766,公共管理与公共服务,斗武路东侧,23.126200,0.000000,科教用地,划拨,,,未评估地区,,,,,1900年01月01日,1900年01月01日,1900年01月01日,,,修武县人民政府,2012年02月17日
新宾满族自治县,2104222012B00012-1,参茸药材深加工,新宾镇刘家工业园区,0.841100,0.841100,工业用地,协议出让,50,农副食品加工业,四级,34.0700,抚顺华康参茸药材有限公司,,,2012年02月17日,1900年01月01日,1900年01月01日,,,新宾满族自治县,2012年02月17日
汤阴县,4105232012B00029,商住楼,汤阴县绕城北路与光明路交叉口东北方位,1.565700,1.565700,其他普通商品住房用地,挂牌出让,其他普通商品住房用地70年; 其他商服用地40,房地产业,十三等级,1630.0000,安阳上安家园置业有限责任公司,3.50,3.50,2012年03月16日,2012年12月16日,2013年12月16日,,,汤阴县,2012年02月17日
新宾满族自治县,2104222012B00048-1,农机交通服务公司,新宾县红升乡红升村,0.201200,0.201200,批发零售用地,协议出让,40,零售业,四级,24.1000,新宾满族自治县红升乡农机交通服务公司,,,2012年02月17日,1900年01月01日,1900年01月01日,,,新宾满族自治县,2012年02月17日
赫山区,4309032012B00056,胡立明,沧水铺镇云峰路,0.027700,0.027700,其他普通商品住房用地,挂牌出让,40,房屋和土木工程业,未评估地区,11.0000,胡立明,2.60,2.60,2012年02月18日,2012年02月18日,2012年05月18日,,,益阳市赫山区人民政府,2012年02月17日
南昌市本级,3601002012A00316,行政办公,凤凰洲HGT107-B13部分地块,1.000000,1.000000,机关团体用地,划拨,,国家机构,二级,389.7000,,0.00,2.20,2012年02月24日,2012年08月24日,2014年08月23日,,,南昌市人民政府,2012年02月17日
文登市,3710812012B00093,博泰房地产,文登市龙山路东、横山路北,1.259900,1.259900,中低价位、中小套型普通商品住房用地,拍卖出让,其他商服用地40年; 中低价位、中小套型普通商品住房用地70,房地产业,一级,1910.7900,威海博泰房地产开发有限公司,1.00,2.00,2012年02月07日,2013年02月07日,2016年02月07日,,,文登市,2012年02月17日
洞口县,4305252012B00250,个人住宅申请办理出让手续,黄桥镇建新街24号,0.009700,0.009700,其他普通商品住房用地,协议出让,70,房地产业,三级,0.7147,陈维新,,,1900年01月01日,1900年01月01日,1900年01月01日,,,洞口县,2012年02月17日
浦北县,4507222012B01341,金牛木业 PB2011-040,浦北县泉水工业集中区,0.861100,0.731700,工业用地,挂牌出让,50,木材加工及木、竹、藤、棕、草制品业,未评估地区,73.0000,浦北县金牛木业有限公司,0.80,,2012年03月27日,2012年09月27日,2013年09月26日,,,浦北县,2012年02月17日
娄底市本级,4313002012A00035,娄底市纪委“两规”办案基地,娄星区万宝镇、南二环路北侧,2.421900,0.000000,机关团体用地,划拨,,中国共产党机关,九级,0.0000,,0.60,0.60,2012年03月17日,2012年05月17日,2015年02月17日,,,湖南省人民政府,2012年02月17日
衡阳市本级,4304002012A02085,衡阳市107国道城区路段改线工程附属设施用地,雁峰区湘江乡金桥村,3.748900,3.748900,公路用地,划拨,,道路运输业,六级,0.0000,,1.50,1.50,2012年03月17日,2012年03月17日,2013年03月17日,,,衡阳市人民政府,2012年02月17日
新宾满族自治县,2104222012B00038-1,批发零售,新宾县新宾镇肇兴路,0.100400,0.100400,批发零售用地,协议出让,40,零售业,三级,13.4600,中国石油天然气股份有限公司辽宁抚顺销售分公司,,,2012年02月17日,1900年01月01日,1900年01月01日,,,新宾满族自治县,2012年02月17日
修武县,4108212012A00631,交通运输,小营村北,1.154500,0.000000,公路用地,划拨,,,未评估地区,,,,,1900年01月01日,1900年01月01日,1900年01月01日,,,修武县人民政府,2012年02月17日
新干县,3608242012B00721,江西燕鑫木业有限公司,新干县赣中林产工业城,2.006000,0.000000,工业用地,挂牌出让,50,木材加工及木、竹、藤、棕、草制品业,十三等级,192.5760,孙小燕,0.70,1.30,2012年04月20日,2013年04月20日,2015年04月20日,,,新干县,2012年02月17日
金沙县,5224242012A00068,金沙县产业园区二号路道路工程南段建设项目,金沙县城关镇黎明村,5.342500,1.131400,公路用地,划拨,,道路运输业,十四等级,,,,,2012年03月19日,2012年06月19日,2014年06月19日,,,金沙县人民政府,2012年02月17日
丹东市本级,2106002012B00055,花园路东侧、广本4S店南侧,丹东市振兴区花园路东侧、广本4S店南侧,1.015980,1.015980,其他商服用地,挂牌出让,40,,一级,940.0000,丹东上通汽车销售服务有限公司,1.00,0.67,1900年01月01日,2012年03月17日,2013年03月17日,,,丹东市,2012年02月17日
梓潼县,5107252012B00137,私房,文昌镇文昌路北段,0.001600,0.001600,其他普通商品住房用地,协议出让,70,住宿业,二级,0.0975,李书芳、贾永湘,,,2012年01月12日,1900年01月01日,1900年01月01日,,,梓潼县,2012年02月17日
文登市,3710812012B00115,睿特实业,文登市开发区厦门路北、金山路西,1.681800,1.681800,中低价位、中小套型普通商品住房用地,拍卖出让,其他商服用地40年; 中低价位、中小套型普通商品住房用地70,房地产业,三级,1014.2460,文登睿特实业有限公司,1.00,2.00,2012年02月07日,2013年02月07日,2016年02月07日,,,文登市,2012年02月17日
密山市,2303822012A00066,柳毛乡集镇明排暗排工程,密山市柳毛乡乡直,0.101400,0.101400,公共设施用地,划拨,,公共设施管理业,五级,0.0000,,0.00,0.00,2012年02月29日,2012年04月30日,2014年04月30日,,,密山市人民政府,2012年02月17日
通州区,1101122012B00049,北京市通州区马驹桥镇金桥科技产业基地C1-1-5-1地块工业用地,通州区马驹桥镇金桥科技产业基地,2.147800,0.000000,工业用地,挂牌出让,50,印刷业和记录媒体的复制,六级,1172.3940,北京博海升彩色印刷有限公司,,1.80,2012年02月17日,2012年08月01日,2014年08月01日,,,北京市通州区,2012年02月17日
南阳市本级,4113002012A00055,第七届全国农运会新闻中心建设项目,天山路北侧,20.279300,0.000000,公共设施用地,划拨,,新闻出版业,三级,9224.5112,,1.00,1.00,1900年01月01日,2012年01月30日,2012年10月01日,,,南阳市人民政府,2012年02月17日
柘城县,4114242012A00131,株洲路,工业大道西侧,0.740500,0.000000,街巷用地,划拨,,国家机构,三级,0.0000,,,,1900年01月01日,1900年01月01日,1900年01月01日,,,柘城县人民政府,2012年02月17日
330521110,3305212012B00124,浙江深汇印业有限公司,雷甸镇新利村,0.606500,0.000000,工业用地,挂牌出让,50,印刷业和记录媒体的复制,二级,180.1305,浙江深汇印业有限公司,1.00,,2012年05月03日,2013年03月03日,2014年09月03日,,,德清县,2012年02月17日
安顺市本级,5204002012A00055,安顺市城市公共交通枢纽总站建设项目,安顺市西秀区两六路,10.474000,0.000000,公共设施用地,划拨,,道路运输业,五级,,,1.00,1.60,2012年04月17日,2012年10月17日,2014年10月17日,,,安顺市人民政府,2012年02月17日
零陵区,4311022012B00309,湖南移动通信有限责任公司永州分公司芝山营业部10,零陵区黄田铺镇双牌村长322国道旁,0.008500,0.008500,公共设施用地,协议出让,50,住宿业,未评估地区,0.4317,湖南移动通信有限责任公司永州分公司芝山营业部10,,,2012年02月17日,1900年01月01日,1900年01月01日,,,零陵区,2012年02月17日
修武县,4108212012A00174,交通运输,云台大道西侧,0.635400,0.000000,公路用地,划拨,,,二级,,,,,2012年02月17日,1900年01月01日,1900年01月01日,,,修武县人民政府,2012年02月17日
长葛市,4110822012B01364,长葛市盛威房地产开发有限公司2013-06#项目用地,溢水路西侧、清溢河东侧,2.498133,2.498133,其他普通商品住房用地,挂牌出让,其他普通商品住房用地70年; 其他商服用地40,房地产业,一级,5464.5840,长葛市盛威房地产开发有限公司,5.20,5.76,2012年04月16日,2012年10月16日,2015年04月16日,,,长葛市人民政府,2012年02月17日
南县,4309212012B00683,原划拨土地使用权补办出让,南县南洲镇老正街,0.014400,0.014400,其他普通商品住房用地,协议出让,70,房地产业,四级,1.1980,黄英俊,1.00,2.00,2012年02月17日,1900年01月01日,1900年01月01日,,,南县,2012年02月17日
都昌县,3604282012A00088,南山大道,大树乡,0.836700,0.000000,公共设施用地,划拨,,国家机构,二级,,,1.00,1.00,2012年02月17日,2012年02月28日,2012年10月28日,,,都昌县人民政府,2012年02月17日
沧州市本级,1309002012B00220,华辰第二加油站,河北路北、规划道路南,0.543900,0.000000,批发零售用地,挂牌出让,40,,十一级,245.0000,沧州临港华辰石油产品有限公司,,0.50,2012年05月01日,2012年06月01日,2014年05月31日,,,沧州渤海新区管理委员会,2012年02月17日
鹿泉市,1301852012B00545,河北凯翔电气科技股份有限公司,鹿泉市山尹村镇山南张庄村,2.568100,0.000000,工业用地,挂牌出让,50,工程准备,九级,529.0000,河北凯翔电气科技股份有限公司,0.70,0.70,2012年05月01日,2012年07月01日,2015年06月30日,,,鹿泉市,2012年02月17日
兴城市,2114812012B00027,关于向葫芦岛富都房地产开发有限公司、葫芦岛红麦坊酒店管理有限责任公司出让国有土地使用权的批复,滨海路东侧、纬十二路南侧、纬十一路北侧,29.175880,29.175880,住宿餐饮用地,挂牌出让,40,住宿业,六级,26258.0000,葫芦岛富都房地产开发有限公司、葫芦岛红麦坊酒店管理有限责任公司,1.00,2.20,2012年04月01日,2012年05月01日,2014年05月01日,,,兴城市国土资源局,2012年02月17日
新化县,4313222012B00174,公有房上市,上梅镇城西西街,0.001100,0.001100,其他普通商品住房用地,协议出让,70,房地产业,二级,0.0673,谌沅文,,,2012年02月17日,1900年01月01日,1900年01月01日,,,新化县,2012年02月17日
金沙县,5224242012A00057,金沙县禹谟镇龙泉大道道路工程西段建设项目,金沙县禹谟镇禹谟村,0.999000,0.042400,公路用地,划拨,,道路运输业,十四等级,,,,,2012年03月19日,2012年06月19日,2014年06月19日,,,金沙县人民政府,2012年02月17日
柳南区,4502042012B00160,柳州市柳太路62号20栋2单元3-2室,柳州市柳太路62号20栋2单元3-2室,0.033800,0.001100,其他普通商品住房用地,协议出让,70,房地产业,二级,0.1929,韦燕,,,1900年01月01日,1900年01月01日,1900年01月01日,,,柳州市,2012年02月17日
沧州市本级,1309002012B00214,唐洼储备处,铁路南、村镇道路北,3.071000,3.071000,仓储用地,挂牌出让,50,仓储业,十一级,448.0000,黄骅中油兴华石油销售有限公司,,1.20,2012年05月01日,2012年06月01日,2014年05月31日,,,沧州渤海新区管理委员会,2012年02月17日
南溪县,5115222012A00123-1,区教育局修建区康安幼儿园建设项目,西城新区,0.654000,0.000000,科教用地,划拨,,教育业,三级,276.3502,,1.00,,2012年03月05日,2012年04月04日,2013年04月04日,,,南溪区人民政府,2012年02月17日
科尔沁左翼后旗,1505222012B00277,吴学文,甘旗卡镇大青沟街西段北侧、团结路南段西侧,0.328634,0.328634,商务金融用地,挂牌出让,40,房地产业,一级,1010.5496,吴学文,1.00,0.00,2012年06月30日,2012年12月31日,2014年12月31日,,,科尔沁左翼后旗,2012年02月17日
阳春市,4417812012B00056,盈丰机电厂,阳春市春城街道东莞长安（阳春）产业转移工业园A10地块,1.792900,0.000000,工业用地,挂牌出让,50,其它,四级,322.7300,阳春市盈丰实业有限公司,0.60,,2012年03月01日,2012年09月01日,2013年03月01日,,,阳春市人民政府,2012年02月17日
吉林市本级,2202002012B00398,个人住宅（殷会平）,昌邑区桦皮厂镇,0.012000,0.012000,中低价位、中小套型普通商品住房用地,协议出让,5,房地产业,七级,0.8483,殷会平,,,2012年02月09日,2012年08月09日,2014年02月09日,,,吉林市,2012年02月17日
柳南区,4502042012B00158,柳州市红光小区一区5栋2单元4-1室,柳州市红光小区一区5栋2单元4-1室,0.038200,0.000900,其他普通商品住房用地,协议出让,70,房地产业,二级,0.3444,韦绪红,,,1900年01月01日,1900年01月01日,1900年01月01日,,,柳州市,2012年02月17日
修武县,4108212012A00720,公共管理与公共服务,丰收路南侧,19.405700,0.000000,公共设施用地,划拨,,,未评估地区,,,,,1900年01月01日,1900年01月01日,1900年01月01日,,,修武县人民政府,2012年02月17日
文登市,3710812012B00108,昆嵛山旅游,文登市界石镇上泽线西、楚岘村南,1.768900,1.768900,中低价位、中小套型普通商品住房用地,拍卖出让,中低价位、中小套型普通商品住房用地70年; 其他商服用地40,房地产业,四级,1095.6890,昆嵛山旅游开发有限公司,1.00,2.00,2012年02月08日,2013年02月08日,2016年02月08日,,,文登市,2012年02月17日
太和县,3412222012B00059,制药,太和县经济开发区,1.988300,1.988300,工业用地,挂牌出让,50,医药制造业,三级,338.0000,海南海力医生集团(安徽)制药有限公司,0.70,0.00,2012年04月17日,2012年07月17日,2013年07月16日,,,太和县,2012年02月17日
黄岩区,3310032012B00086,双鸽集团有限公司,北城街道新宅村地块,0.230300,0.149200,工业用地,挂牌出让,5,医药制造业,七级,43.0000,双鸽集团有限公司,1.00,2.00,2012年02月17日,2013年02月17日,2014年02月17日,,,台州市黄岩区,2012年02月17日
九江市本级,3604002012B00642-1,九江市庐山区天宏房地产开发有限公司,廉溪大道北侧,5.624900,0.000000,其他普通商品住房用地,挂牌出让,其他商服用地40年; 其他普通商品住房用地70,房地产业,五级,14596.0100,九江市庐山区天宏房地产开发有限公司,2.80,2.80,2012年05月09日,2012年11月09日,2015年11月09日,,,九江市,2012年02月17日
修武县,4108212012A00770,公共管理与公共服务,云台大道西侧,5.605300,0.000000,机关团体用地,划拨,,,未评估地区,,,,,1900年01月01日,1900年01月01日,1900年01月01日,,,修武县人民政府,2012年02月17日
通州区,1101122012B00030,北京市通州区马驹桥镇金桥科技产业基地C1-3-6(部分C部分）地块,通州区马驹桥镇金桥科技产业基地,0.794700,0.000000,工业用地,挂牌出让,50,仪器仪表及文化、办公用机械制造业,六级,400.0000,北京正力科技有限公司,,1.20,2012年02月17日,2012年08月01日,2014年08月01日,,,北京市通州区,2012年02月17日
瑞金市,3607812012B01160,城东返迁房安置用地(保障性安居工程用地),豪门经典小区西侧,2.311500,0.000000,其他普通商品住房用地,挂牌出让,70,房地产业,三级,6000.0000,瑞金市金南台房地产开发有限责任公司,3.00,3.50,2012年03月10日,2012年04月10日,2014年04月10日,,,瑞金市,2012年02月17日
长乐市,3501822012B00259,厂房及附属设施,长乐市湖南镇,3.253400,0.000000,工业用地,挂牌出让,50,软件业,未评估地区,546.5600,福建天晴在线互动科技有限公司,0.80,,2012年08月17日,2013年08月17日,2014年08月17日,,,长乐市,2012年02月17日
柘城县,4114242012A00140,长江二路（未来大道以南段）,长江二路（未来大道以南段）,3.260900,0.000000,街巷用地,划拨,,国家机构,三级,0.0000,,,,1900年01月01日,1900年01月01日,1900年01月01日,,,柘城县人民政府,2012年02月17日
通州区,1101122012B00117,北京市通州区马驹桥镇(E-02地块）物流用地,北京市通州区马驹桥镇物流基地内,5.892600,0.000000,仓储用地,挂牌出让,50,纺织服装、鞋、帽制造业,六级,2607.5000,百丽鞋业(北京)有限公司,,1.30,2012年02月17日,2012年08月01日,2014年08月01日,,,北京市通州区,2012年02月17日
牡丹江市本级,2310002012B00178,西城国际,平安街北、铁路线南、西十一条路东,8.131080,8.131080,其他普通商品住房用地,挂牌出让,其他普通商品住房用地70年; 其他商服用地40,房地产业,三级,5819.0000,牡丹江瑞合房地产开发有限责任公司,1.00,3.50,2012年05月17日,2012年08月17日,2015年08月17日,,,牡丹江市,2012年02月17日
修武县,4108212012A00797,公共管理与公共服务,蔡坡村南,0.838200,0.000000,公共设施用地,划拨,,,未评估地区,,,,,1900年01月01日,1900年01月01日,1900年01月01日,,,修武县人民政府,2012年02月17日
霍山县,3415252012B00098,集镇建设,太阳乡集镇，下河路以西，茂源市场通道南侧,0.099500,0.000000,其他普通商品住房用地,挂牌出让,其他普通商品住房用地70年; 批发零售用地40,房地产业,二级,38.8300,六安市惠民房地产开发有限公司,1.00,1.50,2012年04月17日,2012年08月17日,2014年02月17日,,,霍山县,2012年02月17日
零陵区,4311022012B00297,湖南移动通信有限责任公司永州分公司芝山营业部9,零陵区劳教所院内,0.006500,0.006500,公共设施用地,协议出让,50,住宿业,未评估地区,0.3912,湖南移动通信有限责任公司永州分公司芝山营业部9,,,2012年02月17日,1900年01月01日,1900年01月01日,,,零陵区,2012年02月17日
柳南区,4502042012B00149,柳州市红光小区二区28栋3单元5-1室,柳州市红光小区二区28栋3单元5-1室,0.039800,0.000900,其他普通商品住房用地,协议出让,70,房地产业,二级,0.0901,黄柳青,,,1900年01月01日,1900年01月01日,1900年01月01日,,,柳州市,2012年02月17日
惠城区,4413022012B00632,林木思申请划拨土地使用权补出让,马安镇新乐村住宅区B7号,0.010800,0.010800,其他普通商品住房用地,协议出让,70,房地产业,八级,4.4604,林木思,,,1900年01月01日,1900年01月01日,1900年01月01日,,,惠州市,2012年02月17日
环江毛南族自治县,4512262012B00069-1,住宅楼,环江县思恩镇桥东路三线,0.014000,0.014000,其他普通商品住房用地,挂牌出让,70,住宿业,三级,7.2748,黄启隆,2.00,4.20,2012年03月09日,2013年02月15日,2014年02月15日,,,环江毛南族自治县,2012年02月17日
赫山区,4309032012B00032,张红桂,沧水铺镇碧云峰村,0.027400,0.027400,其他普通商品住房用地,挂牌出让,40,房屋和土木工程业,未评估地区,11.0000,张红桂,2.60,2.60,2012年02月18日,2012年02月18日,2012年05月18日,,,益阳市赫山区人民政府,2012年02月17日
龙湾区,3303032012A02991-1,温州市第八中学迁扩建工程,温州市龙湾区瑶溪街道河口村,1.936906,1.936906,科教用地,划拨,,教育业,五级,,,1.00,,2012年02月17日,2012年08月17日,2014年02月16日,,,温州市人民政府,2012年02月17日
银川市本级,6401002012A02736,新联安置区,金凤区凤凰北街以东、沈阳路以北,8.356200,0.000000,经济适用住房用地,划拨,,房地产业,未评估地区,,,1.00,1.60,2012年03月31日,2012年04月30日,2014年04月30日,,,银川市人民政府,2012年02月17日
襄城区,4206022012B00035,湖北凌晟药业有限公司,襄城区余家湖工业园,6.623800,0.000000,工业用地,挂牌出让,50,医药制造业,六级,2225.6035,湖北凌晟药业有限公司,0.70,,2012年05月13日,2012年07月13日,2013年07月12日,,,襄阳市,2012年02月17日
九江市本级,3604002012B00792,九江市置地投资有限公司,前进西路北侧,8.313091,0.000000,其他普通商品住房用地,挂牌出让,其他普通商品住房用地0年; 其他商服用地40,房地产业,五级,23568.3000,九江市置地投资有限公司,2.70,2.70,2012年05月09日,2012年11月09日,2015年11月09日,,,九江市,2012年02月17日
修水县,3604242012B00081,修水县茂源化工有限公司,太阳升项目区,1.920550,1.920550,工业用地,挂牌出让,50,化学原料及化学制品制造业,未评估地区,161.3360,修水县茂源化工有限公司,1.00,0.00,2012年02月18日,2012年02月19日,2014年02月18日,,,修水县,2012年02月17日
都昌县,3604282012A00075,都昌五小,东风大道北侧,1.096400,0.000000,科教用地,划拨,,,二级,,,,0.53,2012年02月17日,2012年02月17日,2012年12月17日,,,都昌县人民政府,2012年02月17日
银川市本级,6401002012A02729,银丰安置区三期,金凤区凤凰北街以西、规划路以北,9.990100,0.000000,经济适用住房用地,划拨,,房地产业,未评估地区,,,1.00,1.72,2012年03月30日,2012年04月30日,2014年04月30日,,,银川市人民政府,2012年02月17日
贞丰县,5223252012A00197,贞丰县消防南站,贞丰县珉谷镇建设路23号,0.062900,0.062900,公共设施用地,划拨,,国家机构,未评估地区,0.0000,,0.00,0.00,2012年03月01日,2012年06月01日,2014年06月01日,,,贞丰县人民政府,2012年02月17日
柳南区,4502042012B00139,柳州市红光小区二区28栋3单元2-1室,柳州市红光小区二区28栋3单元2-1室,0.039800,0.000900,其他普通商品住房用地,协议出让,70,房地产业,二级,0.4030,周香兰,,,1900年01月01日,1900年01月01日,1900年01月01日,,,柳州市,2012年02月17日
南海区,4406052012A00468,机关团体用地,狮山镇三环西路工业园区地段,0.244700,0.244700,机关团体用地,划拨,,国家机构,未评估地区,0.0000,,,1.80,2012年02月17日,2013年02月17日,2014年02月17日,,,佛山市人民政府,2012年02月17日
武义县,3307232012B00034,白洋街道沈宅柳宅村B地块,白洋街道沈宅柳宅村B地块,2.498000,0.000000,工业用地,挂牌出让,50,金属制品业,十四等级,1410.0000,浙江嘉益日用制品有限公司,1.00,2.00,2012年05月16日,2012年08月16日,2014年02月16日,,,武义县,2012年02月17日
惠城区,4413022012B00629,赵智勇申请划拨土地使用权补出让,惠州市江北火车北站铁路生活区第18栋242室,0.001400,0.001400,其他普通商品住房用地,协议出让,70,房地产业,一级,0.3461,赵智勇,,,2012年02月17日,1900年01月01日,1900年01月01日,,,惠州市,2012年02月17日
柳南区,4502042012B00126,柳州市红光小区二区28栋2单元2-2室,柳州市红光小区二区28栋2单元2-2室,0.039800,0.000900,其他普通商品住房用地,协议出让,70,房地产业,二级,0.4030,黄茂祥,,,1900年01月01日,1900年01月01日,1900年01月01日,,,柳州市,2012年02月17日
修武县,4108212012B00906,修武县华芳房地产开发有限公司商业开发,宁城大道东段南侧,4.676100,0.000000,其他普通商品住房用地,挂牌出让,其他商服用地40年; 其他普通商品住房用地70,房地产业,未评估地区,3507.0728,修武县华芳房地产开发有限公司,1.00,1.50,2012年02月23日,2012年03月31日,2014年03月30日,,,修武县,2012年02月17日
柳南区,4502042012B00118,柳州市红光小区二区28栋2单元1-1室,柳州市红光小区二区28栋2单元1-1室,0.039800,0.000900,其他普通商品住房用地,协议出让,70,房地产业,二级,0.0720,吴勤,,,1900年01月01日,1900年01月01日,1900年01月01日,,,柳州市,2012年02月17日
修武县,4108212012A00749,公共管理与公共服务,焦辉路东侧,2.253300,0.000000,公共设施用地,划拨,,,未评估地区,,,,,1900年01月01日,1900年01月01日,1900年01月01日,,,修武县人民政府,2012年02月17日
修武县,4108212012B00899,修武县华芳房地产开发有限公司房地产开发,竹林大道南段东侧,5.983500,0.000000,其他普通商品住房用地,挂牌出让,其他商服用地40年; 其他普通商品住房用地70,房地产业,未评估地区,4487.6175,修武县华芳房地产开发有限公司,1.00,1.50,2012年02月23日,2012年03月31日,2014年03月30日,,,修武县,2012年02月17日
包头市本级,1502002012B00131,阳光国际城（住宅小区）,昆区民族东路东、兵工大道南、青山路北侧,12.597217,0.000000,中低价位、中小套型普通商品住房用地,挂牌出让,公共租赁住房用地70年; 其他商服用地40年; 中低价位、中小套型普通商品住房用地70,房地产业,三级,38465.6021,包头市富泰房地产开发有限责任公司,1.00,2.50,2012年08月08日,2013年02月08日,2015年02月08日,,,包头市,2012年02月17日
大关县,5306242012B00330,住宅用地,大关县翠华镇翠屏村接管社,0.002000,0.002000,其他普通商品住房用地,协议出让,70,住宿业,三级,0.1717,张庭勇,1.50,,2012年02月17日,2012年02月17日,2012年10月23日,,,大关县,2012年02月17日
修武县,4108212012A00738,交通运输,前黑石岭村,0.996400,0.000000,公路用地,划拨,,,未评估地区,,,,,1900年01月01日,1900年01月01日,1900年01月01日,,,修武县人民政府,2012年02月17日
凤凰县,4331232012B00052,杨亮亮住宅用地,凤凰县沱江镇清碧湾,0.031700,0.031700,其他普通商品住房用地,协议出让,70,房地产业,二级,34.8590,杨亮亮,,,2012年02月17日,1900年01月01日,1900年01月01日,,,凤凰县,2012年02月17日
通州区,1101122012B00021,北京市通州区马驹桥镇金桥科技产业基地B2-3-3-3,通州区马驹桥镇金桥科技产业基地,2.746200,0.000000,工业用地,挂牌出让,50,纺织服装、鞋、帽制造业,六级,1612.8000,北京科拉思纳服饰有限公司,,2.00,2012年02月17日,2012年08月01日,2014年08月01日,,,北京市通州区,2012年02月17日
银川市本级,6401002012B02717,宁夏海和房地产开发有限公司,金凤区新昌西路南侧,1.596800,1.596800,其他商服用地,协议出让,其他普通商品住房用地70年; 其他商服用地40,房地产业,未评估地区,0.0000,宁夏海和房地产开发有限公司,1.00,4.38,2012年02月29日,2012年03月29日,2014年03月29日,,,银川市,2012年02月17日
柳南区,4502042012B00101,柳州市红光小区二区28栋1单元1-2室,柳州市红光小区二区28栋1单元1-2室,0.039800,0.000900,其他普通商品住房用地,协议出让,70,房地产业,二级,0.4030,黄志贤,,,1900年01月01日,1900年01月01日,1900年01月01日,,,柳州市,2012年02月17日
昔阳县,1407242012B00048,昔阳县国有建设用地使用权挂牌出让,昔阳县乐平镇落雁头村,0.258700,0.000000,工业用地,挂牌出让,工业用地50年; 其他商服用地40,家具制造业,未评估地区,88.0000,昔阳县华宝家具城,,1.22,2012年02月29日,2012年03月01日,2013年03月01日,,,昔阳县,2012年02月17日
阿荣旗,1507212012B00068,海农加油站,绥满高速支301国道交叉口,0.240000,0.000000,其他商服用地,挂牌出让,40,商务服务业,四级,39.0000,呼伦贝尔海农经贸有限公司,0.40,0.40,2012年02月17日,2012年02月17日,2013年02月17日,,,阿荣旗,2012年02月17日
霍山县,3415252012B00110,集镇建设,佛子岭镇迎驾山庄东侧,0.023884,0.023884,其他普通商品住房用地,挂牌出让,70,房屋和土木工程业,二级,14.9124,安徽迎驾集团股份有限公司,1.00,1.20,2012年04月17日,2012年08月17日,2014年02月17日,,,霍山县,2012年02月17日
霍山县,3415252012B00124,集镇建设,佛子岭镇迎驾山庄东侧,0.217489,0.217489,其他普通商品住房用地,挂牌出让,70,房屋和土木工程业,二级,135.7127,安徽迎驾集团股份有限公司,1.00,2.00,2012年04月17日,2012年08月17日,2014年02月17日,,,霍山县,2012年02月17日
都昌县,3604282012A00060,芙蓉山工业大道,北山乡,3.385000,0.000000,公共设施用地,划拨,,,二级,,,1.00,1.00,2012年02月17日,2012年02月28日,2012年12月30日,,,都昌县人民政府,2012年02月17日
修武县,4108212012A00695,公共管理与公共服务,焦青路东侧,0.064100,0.000000,公共设施用地,划拨,,,未评估地区,,,,,1900年01月01日,1900年01月01日,1900年01月01日,,,修武县人民政府,2012年02月17日
柳南区,4502042012B00095,柳州市红光小区二区28栋1单元7-1室,柳州市红光小区二区28栋1单元7-1室,0.039800,0.001200,其他普通商品住房用地,协议出让,70,房地产业,二级,0.5356,邹高友,,,1900年01月01日,1900年01月01日,1900年01月01日,,,柳州市,2012年02月17日
灵川县,4503232012B00026,房地产开发,桂林八里街开发区内,1.970000,1.970000,其他普通商品住房用地,挂牌出让,其他商服用地40年; 其他普通商品住房用地70,房地产业,三级,2500.0000,桂林开元房地产开发有限责任公司,1.80,5.00,2013年02月23日,2013年02月23日,2015年02月23日,,,灵川县,2012年02月17日
宾县,2301252012B00038,发行新楼,宾州镇西城街,0.222000,0.222000,其他普通商品住房用地,挂牌出让,其他普通商品住房用地70年; 其他商服用地40,房地产业,二级,141.8500,哈尔滨悦圣房地产开发有限公司,1.10,1.99,2012年02月28日,2012年05月01日,2014年05月01日,,,宾县,2012年02月17日
吴川市,4408832012B00020,废钢铁配送项目,吴川市黄坡镇广湛公路边岭头村地段,5.149700,5.149700,工业用地,挂牌出让,50,仓储业,十级,876.0000,吴川凯庆废钢铁配送中心有限公司,,1.80,2012年03月17日,2012年04月09日,2013年08月09日,,,吴川市,2012年02月17日
浉河区,4115022012B00237,弘昌房地产,信阳市107国道,6.325656,5.588765,其他普通商品住房用地,挂牌出让,其他商服用地40年; 其他普通商品住房用地70,房地产业,三级,7824.2710,信阳市弘昌房地产开发有限公司,1.00,3.65,2012年12月31日,2013年03月31日,2016年03月31日,,,信阳市,2012年02月17日
澄城县,6105252012B00017-1,澄城县盛丰现代农业发展有限公司,澄城县雷家洼乡里庄村,4.786185,0.000000,批发零售用地,挂牌出让,40,零售业,一级,861.5000,澄城县盛丰现代农业发展有限责任公司,1.00,2.50,2012年02月20日,2012年05月01日,2013年09月30日,,,澄城县,2012年02月17日
岐山县,6103232012A00237,医疗卫生,岐山县蔡家坡镇人民路,1.935100,1.935100,医卫慈善用地,划拨,,卫生,三级,600.0000,,,,2012年02月18日,2012年02月19日,2013年02月19日,,,岐山县人民政府,2012年02月17日
榆中县,6201232012B00026,兰州大庄商贸有限公司,来紫堡乡桑园子村,1.676900,1.676900,仓储用地,挂牌出让,50,商务服务业,十三等级,176.0500,兰州大庄商贸有限公司,1.00,,2012年04月16日,2012年05月16日,2014年05月16日,,,榆中县,2012年02月17日
修武县,4108212012A00676,公共管理与公共服务,青龙大道东侧,0.375900,0.000000,公园与绿地,划拨,,,四级,,,,,1900年01月01日,1900年01月01日,1900年01月01日,,,修武县人民政府,2012年02月17日
都昌县,3604282012A00057,莲花路,都镇,0.166400,0.000000,公共设施用地,划拨,,,二级,,,,1.00,2012年02月17日,2012年02月24日,2012年05月24日,,,,2012年02月17日
红古区,6201112012B00019,兰州红古三元机械工程处,红古区海石湾镇，东邻七号支路，南邻下海石村道，西邻民宅，北邻民宅,0.168900,0.168900,其他商服用地,挂牌出让,50,商务服务业,二级,126.5000,兰州红古三元机械工程处,,3.50,2012年03月01日,2012年05月01日,2014年05月01日,,,,2012年02月17日
朝阳市本级,2113002012B02304,企业改制,双塔区黄河路三段51号,0.445900,0.445900,工业用地,协议出让,50,通用设备制造业,八级,95.1500,朝阳市益隆实业开发有限责任公司,,,1900年01月01日,1900年01月01日,1900年01月01日,,,朝阳市,2012年02月17日
都昌县,3604282012A00042,朝阳小区33亩,东山路东侧,2.200300,0.000000,廉租住房用地,划拨,,,四级,,,1.00,1.70,2012年02月17日,2012年02月29日,2013年02月28日,,,,2012年02月17日
台安县,2103212012B00283,房地产开发,大庆西路南侧小西街西侧,0.439248,0.000000,中低价位、中小套型普通商品住房用地,挂牌出让,70,房地产业,十三等级,440.0000,台安金山房地产开发有限公司,1.00,3.50,2012年03月31日,2012年04月01日,2013年12月31日,,,台安县,2012年02月17日
河口瑶族自治县,5325322012B00164,住宅用地,河口县冷水沟小区,0.001900,0.001900,其他普通商品住房用地,协议出让,70,居民服务业,未评估地区,1.3877,张丽,,,2012年02月17日,2012年02月17日,2012年02月17日,,,河口瑶族自治县人民政府,2012年02月17日
遂溪县,4408232012B00078,梁小凤申请划拨权出让,遂城镇文栏新村4号地,0.010500,0.010500,其他普通商品住房用地,协议出让,70,房地产业,一级,8.4102,梁小凤,,,1900年01月01日,1900年01月01日,1900年01月01日,,,遂溪县,2012年02月17日
零陵区,4311022012B00286,湖南移动通信公司芝山营业部1,零陵区富家桥镇阳河责任区院内,0.014400,0.014400,公共设施用地,协议出让,50,住宿业,未评估地区,0.7344,湖南移动通信公司芝山营业部1,,,2012年02月17日,1900年01月01日,1900年01月01日,,,零陵区,2012年02月17日
三水区,4406072012B01229,建设齿轮、传动和驱动部件制造项目,"佛山市三水区白坭镇汇金工业城10号,用地范围：东至汇盈路、南至规划道路、西至其他用地、北至其他用地",3.366800,3.366800,工业用地,挂牌出让,50,其它,三级,1414.0000,广东晋佑科技股份有限公司,1.00,2.00,2012年03月06日,2012年12月05日,2014年12月04日,,,佛山市,2012年02月17日
绥中县,2114212012B01006-2,新型包装材料的生产与研发,辽宁东戴河新区高岭工业园区,2.477400,2.000000,工业用地,挂牌出让,50,塑料制品业,十二级,410.0000,葫芦岛市茂隆新型包装材料有限公司,1.00,,2012年08月17日,2013年02月10日,2015年02月10日,,,绥中县,2012年02月17日
武安市,1304812012B00300,居住用地,武安市西环路1151号,0.715600,0.715600,中低价位、中小套型普通商品住房用地,拍卖出让,70,房地产业,三级,910.0000,邯郸市志强房地产开发有限公司,1.00,3.50,2012年08月01日,2013年05月01日,2015年10月01日,,,武安市,2012年02月17日
武安市,1304812012B00296,居住用地,武安市西环路1151号,0.472078,0.472078,中低价位、中小套型普通商品住房用地,拍卖出让,70,房地产业,三级,610.0000,邯郸市志强房地产开发有限公司,1.00,3.50,2012年08月01日,2013年05月01日,2015年10月01日,,,武安市,2012年02月17日
遂溪县,4408232012B00060,梁小凤申请划拨权出让,遂城镇文栏新村5号地,0.010500,0.010500,其他普通商品住房用地,协议出让,70,房地产业,一级,8.4102,梁小凤,,,1900年01月01日,1900年01月01日,1900年01月01日,,,1,2012年02月17日
长乐市,3501822012B00210,厂房及附属设施,长乐市鹤上镇峡嶂路南侧，沙京路西侧,2.334200,0.000000,工业用地,挂牌出让,50,农副食品加工业,未评估地区,448.8282,福州市耕元农业综合开发有限公司,0.80,,2012年08月17日,2013年08月17日,2014年08月17日,,,长乐市,2012年02月17日
临安市,3301852012B02365,陈林会,清凉峰镇林竹村,0.040700,0.000000,中低价位、中小套型普通商品住房用地,挂牌出让,70,房地产业,十一级,15.2625,陈林会,1.00,2.00,2012年05月27日,2013年05月27日,2016年05月26日,,,临安市,2012年02月17日
友谊国土资源局,2393002012B00019,友谊县稻花香旅游度假村工程,友谊镇西直路西侧，打靶场南侧,0.065000,0.065000,住宿餐饮用地,挂牌出让,40,,一级,12.0000,友谊县稻花香旅游度假村,1.00,4.00,2012年02月20日,2012年04月30日,2014年10月30日,,,友谊县,2012年02月17日
修武县,4108212012A00750,交通运输,张庄村西,1.061000,0.000000,公路用地,划拨,,,未评估地区,,,,,1900年01月01日,1900年01月01日,1900年01月01日,,,修武县人民政府,2012年02月17日
晋江市,3505822012B00091,晋江市金城水洗有限公司厂房及配套设施,龙湖镇湖北村,1.695700,0.000000,工业用地,挂牌出让,50,纺织服装、鞋、帽制造业,八级,619.0000,晋江市金城水洗有限公司,1.80,2.70,2012年02月29日,2012年08月31日,2014年08月31日,,,晋江市,2012年02月17日
镇安县,6110252012A00197,王家坪村第二卫生所,永乐镇王家坪村王家沟,0.200000,0.200000,医卫慈善用地,划拨,,卫生,四级,30.2000,,1.00,2.00,2012年05月04日,2012年05月08日,2013年05月18日,,,镇安县人民政府,2012年02月17日
零陵区,4311022012B00360,湖南移动通信公司芝山营业部,零陵区珠山镇东湘桥背岭岭山山顶,0.014400,0.014400,公共设施用地,协议出让,50,住宿业,未评估地区,0.7344,湖南省移动通信公司芝山营业部1,,,2012年02月17日,1900年01月01日,1900年01月01日,,,零陵区,2012年02月17日
荣成市,3710822012B00080,工业,石岛管理区峨石山路北,10.916400,0.000000,工业用地,挂牌出让,50,农副食品加工业,三级,2535.8115,荣成嘉美海洋食品有限公司,1.00,1.00,2012年08月16日,2012年08月17日,2014年08月17日,,,荣成市,2012年02月17日
南安市,3505832012B00112,福建省南安市裕盛餐具有限公司厂房及配套设施项目,省新镇油园村,0.527000,0.000000,工业用地,挂牌出让,50,塑料制品业,十级,120.0000,福建省南安市裕盛餐具有限公司,1.20,0.00,2010年10月01日,2012年05月17日,2014年05月17日,,,南安市,2012年02月17日
都昌县,3604282012A00021,上官塘住宅安置小区,上官塘,1.700900,0.000000,廉租住房用地,划拨,,,二级,,,1.00,1.70,2012年03月01日,2012年03月01日,2013年03月01日,,,都昌县人民政府,2012年02月17日
霍山县,3415252012B00102,竹制品生产线项目,大化坪镇白莲岩村民组，二号路南北两侧,2.034800,0.000000,工业用地,挂牌出让,50,木材加工及木、竹、藤、棕、草制品业,二级,300.7400,霍山县登辉竹业有限公司,1.00,0.00,2012年04月17日,2012年08月17日,2014年02月17日,,,霍山县,2012年02月17日
郴州市本级,4310002012B00166,住宅,郴州市解放里路68、69、70号,0.015540,0.015540,其他普通商品住房用地,协议出让,70,房地产业,四级,11.0000,刘书武,0.80,1.01,2012年02月17日,1900年01月01日,1900年01月01日,,,郴州市,2012年02月17日
九江市本级,3604002012B00630,九江市庐山区天宏房地产开发有限公司,廉溪大道北侧,7.650900,0.000000,其他普通商品住房用地,挂牌出让,其他商服用地40年; 其他普通商品住房用地70,房地产业,五级,19853.4800,九江市庐山区天宏房地产开发有限公司,2.80,2.80,2012年05月09日,2012年11月09日,2015年11月09日,,,九江市,2012年02月17日
零陵区,4311022012B00263,湖南省移动通信公司芝山营业部,零陵区珠山镇火湘桥碉堡山山顶,0.014400,0.014400,公共设施用地,协议出让,50,住宿业,未评估地区,0.7344,湖南省移动通信公司芝山营业部,,,2012年02月17日,1900年01月01日,1900年01月01日,,,零陵区,2012年02月17日
壶关县,1404272012B00017-1,黄山乡南河村,壶关县黄山乡南河村,0.333300,0.000000,工业用地,挂牌出让,50,农副食品加工业,四级,35.0000,壶关县南河郭虎肉制品有限公司,0.59,7.00,2012年02月20日,2012年02月29日,2013年02月28日,,,壶关县,2012年02月17日
霍山县,3415252012A00058,霍山基督教堂项目,衡山镇南岳村境内，迎驾大道南侧，淠源渠北侧，外贸东铡,1.042800,0.000000,宗教用地,划拨,,群众团体、社会团体和宗教组织,四级,,,,,2012年02月28日,2012年08月13日,2013年08月13日,,,霍山县发展和改革委员会,2012年02月17日
德清县,3305212012B00140-2,德清才府玻璃股份有限公司,洛舍镇城南工业集中区,0.165200,0.000000,工业用地,挂牌出让,50,其它,三级,41.2132,德清才府玻璃股份有限公司,1.00,0.00,2012年05月03日,2013年03月03日,2014年09月03日,,,德清县,2012年02月17日
如皋市,3206822012B00216,非金属矿物制品类,石庄镇张黄港居10组,4.175500,2.362700,工业用地,挂牌出让,50,其它,九级,1135.7360,南通中技桩业有限公司,0.70,0.00,2012年05月17日,2013年02月17日,2015年02月17日,,,如皋市,2012年02月17日
金坛市,3204822012B00128,金坛市建设资产经营有限公司新建项目,东环一路西侧规划道路南侧地块四,1.904000,0.000000,中低价位、中小套型普通商品住房用地,挂牌出让,70,房地产业,五级,5712.0000,金坛市建设资产经营有限公司,1.00,2.50,2012年02月17日,2012年04月17日,2014年04月16日,,,金坛市,2012年02月17日
兴化市,3212812012A00747,兴化市住房和城乡建设局,杭州路东侧、野行大桥南,2.078950,2.078950,经济适用住房用地,划拨,,房地产业,十一级,,,1.00,2.00,2012年05月16日,2012年08月16日,2013年08月16日,,,兴化市人民政府,2012年02月17日
贾汪区,3203052012B00088,徐州德高置业有限公司,贾汪区青山泉镇镇区内，青山街西侧、南侧为居民住宅,0.286800,0.286800,中低价位、中小套型普通商品住房用地,挂牌出让,批发零售用地40年，中低价位、中小套型普通商品住房用地70年,房地产业,未评估地区,117.0000,徐州德高置业有限公司,1.50,1.80,2012年05月01日,2012年11月01日,2014年10月31日,,,贾汪区人民政府,2012年02月17日
如皋市,3206822012B00202,非金属矿物制品类,磨头镇新联村，18组、19组,3.510300,0.000000,工业用地,挂牌出让,50,其它,九级,835.4514,江苏路翔交通工程有限公司,0.70,0.00,2012年05月17日,2013年02月17日,2015年02月17日,,,如皋市,2012年02月17日
上海市本级,3101002012B13528,上海西郊经济开发区华新绿色工业园区2010-6号地块,____青浦区华新________镇,9.459830,0.000000,工业用地,挂牌出让,50,商务服务业,八级,17500.0000,上海顺衡物流有限公司,1.00,0.00,2012年04月26日,2013年03月07日,2016年03月07日,,,青浦区,2012年02月17日
宜宾市本级,5115002012B00050-1,修建工业厂房,宜宾市李庄组团,15.939000,0.000000,工业用地,挂牌出让,50,食品制造业,九级,2677.7520,四川省宜宾市叙府酒业股份,1.00,2.00,2012年05月20日,2012年06月30日,2015年06月30日,,,宜宾市,2012年02月17日
武进区,3204122012B00355,常州福地旺座房地产开发有限公司,洛阳镇珍珠市场地块（2012004）,0.869870,0.000000,其他普通商品住房用地,挂牌出让,其他普通商品住房用地70年，其他商服用地40年，中低价位、中小套型普通商品住房用地70年，廉租住房用地70年,房地产业,八级,2827.0775,常州福地旺座房地产开发有限公司,1.00,3.90,2012年03月31日,2012年09月30日,2015年09月29日,,,常州市,2012年02月17日
江都市,3210882012B00343,仙女镇龙桥新村2幢114号门市,仙女镇龙桥新村2幢114号门市,0.000500,0.000500,批发零售用地,协议出让,40,零售业,四级,0.3611,陈诚,,,1900年01月01日,1900年01月01日,1900年01月01日,,,扬州市江都区人民政府,2012年02月17日
贾汪区,3203052012B00057,徐州市盛达房地产开发有限公司－东方早餐楼项目,贾汪区206国道西侧、民和路东侧,0.132600,0.132600,住宿餐饮用地,挂牌出让,40,餐饮业,一级,174.0000,徐州市盛达房地产开发有限公司,1.20,1.40,2012年05月01日,2012年11月01日,2014年10月31日,,,贾汪区人民政府,2012年02月17日
江都市,3210882012B00401,办公楼,仙女镇工农路17号,0.062907,0.062907,其他商服用地,协议出让,40,道路运输业,一级,116.6522,江都市石油运输服务有限责任公司,,,1900年01月01日,1900年01月01日,1900年01月01日,,,扬州市江都区人民政府,2012年02月17日
镇江市本级,3211002012B00158,镇江市恒昌经贸发展有限责任公司补办出让,电力路1号,0.084000,0.084000,商务金融用地,协议出让,40,其他金融服务,未评估地区,531.3320,镇江市恒昌经贸发展有限责任公司,,,2011年08月11日,2012年02月21日,2012年02月21日,,,镇江市人民政府,2012年02月17日
贾汪区,3203052012B00268,徐州尚品国际房地产开发有限公司－尚品水岸小区二期项目,贾汪区汴塘镇镇区内，四里桥引河东侧，310国道北侧,6.595300,6.595300,中低价位、中小套型普通商品住房用地,挂牌出让,中低价位、中小套型普通商品住房用地70年，批发零售用地40年,房地产业,未评估地区,2316.0000,徐州尚品国际房地产开发有限公司,1.00,1.30,2012年05月01日,2012年11月01日,2014年10月31日,,,贾汪区人民政府,2012年02月17日
滨湖区,3202112012B00077,山水东路与许舍路交叉口西北侧地块,滨湖区山水东路与许舍路交叉口西北侧,2.856000,0.000000,科教用地,挂牌出让,50,专业技术服务业,四级,2807.4500,无锡南美生态科技发展有限公司,,1.50,2012年02月17日,2012年07月30日,2014年07月30日,,,无锡市人民政府,2012年02月17日
河间市,1309842012B00031-1,凯瑞化工股份有限公司,尊祖庄乡工业园区内,8.958990,0.000000,工业用地,协议出让,50,化学原料及化学制品制造业,未评估地区,1142.2300,凯瑞化工股份有限公司,0.60,0.00,2012年03月07日,2013年03月20日,2015年03月20日,,,河间市,2012年02月17日
姜堰市,3212842012B00560,陈春才,姜堰市华港镇港口村,0.170700,0.170700,其他普通商品住房用地,挂牌出让,70,商务服务业,六级,79.0000,陈春才,1.00,1.50,2012年02月28日,2012年06月28日,2013年06月28日,,,姜堰市,2012年02月17日
邗江区,3210032012B00035,安瑞科气体机械扬州有限公司,邗江区北山工业园,1.688300,1.688300,工业用地,挂牌出让,50,通用设备制造业,十级,283.6344,安瑞科气体机械扬州有限公司,0.90,1.50,2012年08月17日,2013年08月17日,2015年08月17日,,,扬州市人民政府,2012年02月17日
金坛市,3204822012A00165,金坛市薛埠镇村镇建设管理服务站新建拆迁安置农民公寓项目,薛埠镇常溧公路北侧,2.208700,0.000000,经济适用住房用地,划拨,,房地产业,五级,0.0000,,,2.00,2012年04月02日,2012年07月02日,2014年06月30日,,,金坛市人民政府,2012年02月17日
贾汪区,3203052012B00246,徐州金柱房地产开发有限公司,贾汪区徐州工业园区，徐矿集团铁路专线东侧、苏州大道西延段南侧。,8.136300,8.136300,其他普通商品住房用地,挂牌出让,其他普通商品住房用地70年，批发零售用地40年,房地产业,未评估地区,5800.0000,徐州金柱房地产开发有限公司,1.00,1.30,2012年05月01日,2012年11月01日,2014年10月31日,,,贾汪区人民政府,2012年02月17日
宝应县,3210232012A00825,宝应县经济适用住房发展中心,安宜镇三里村,0.999500,0.000000,经济适用住房用地,划拨,,社会保障业,十一级,0.0000,,,1.80,2012年03月18日,2012年04月18日,2013年04月18日,,,宝应县国土资源局,2012年02月17日
如皋市,3206822012B00196,通信设备、计算机及其他电子设备制造,磨头镇塘湾村39组,2.134700,2.134700,工业用地,挂牌出让,50,通讯设备、计算机及其他电子设备制造业,九级,512.3280,南通皋鑫科技开发有限公司,1.10,0.00,2012年05月17日,2013年02月17日,2015年02月17日,,,如皋市,2012年02月17日
金坛市,3204822012B00137,金坛市建设资产经营有限公司新建项目,东环一路西侧规划道路南侧地块三,1.554000,0.000000,中低价位、中小套型普通商品住房用地,挂牌出让,70,房地产业,五级,4662.0000,金坛市建设资产经营有限公司,1.00,2.50,2012年02月17日,2012年04月17日,2014年04月16日,,,金坛市,2012年02月17日
昆山市,3205832012B00517,苏州乾世源电机科技有限公司,开发区天鹅路北侧、芙蓉路西侧,1.300800,1.300800,工业用地,挂牌出让,50,其它,六级,437.0688,,0.80,,2012年05月17日,2012年11月17日,2014年05月17日,,,昆山市,2012年02月17日
昆山市,3205832012B00500,江苏省电力公司昆山市供电公司,玉山镇玉带北路南侧、山淞路东侧,0.593400,0.593400,公共设施用地,挂牌出让,50,公共设施管理业,六级,199.3824,,,0.50,2012年05月17日,2012年11月17日,2014年05月17日,,,昆山市,2012年02月17日
北碚区,5001092012B00098,房地产开发项目,北碚区蔡家组团H分区H29-9/03地块,2.929000,0.000000,其他普通商品住房用地,挂牌出让,40,房地产业,六级,6589.0000,重庆中德地产集团有限公司,1.00,1.90,2012年06月30日,2012年12月30日,2014年12月30日,,,重庆市,2012年02月17日
武进区,3204122012B00362,常州聚荣房地产开发有限公司,洛阳镇阳光路东侧、安阳路北侧地块（2012005）,4.390240,0.744980,其他普通商品住房用地,挂牌出让,其他商服用地40年，廉租住房用地70年，中低价位、中小套型普通商品住房用地70年，其他普通商品住房用地70年,房地产业,八级,10536.5760,常州聚荣房地产开发有限公司,1.00,2.50,2012年03月31日,2012年09月30日,2015年09月29日,,,常州市,2012年02月17日
江都市,3210882012B00368,真武镇小商品市场地块,江都区真武镇小商品市场,0.001800,0.001800,批发零售用地,协议出让,40,零售业,一级,1.0850,王新华,,,1900年01月01日,1900年01月01日,1900年01月01日,,,扬州市江都区人民政府,2012年02月17日
金坛市,3204822012B00155,金坛市建设资产经营有限公司新建项目,东环一路西侧规划道路南侧地块一,3.321900,0.000000,中低价位、中小套型普通商品住房用地,挂牌出让,70,房地产业,五级,9966.0000,金坛市建设资产经营有限公司,1.00,2.50,2012年02月17日,2012年04月17日,2014年04月16日,,,金坛市,2012年02月17日
如皋市,3206822012B00227,批发零售、普通商品住房,磨头镇磨头居15、16组,1.981000,1.981000,其他普通商品住房用地,挂牌出让,其他普通商品住房用地70年，批发零售用地40年,房地产业,九级,1911.6650,南通汇源置业有限公司,1.70,2.00,2012年05月17日,2013年05月17日,2016年05月17日,,,如皋市,2012年02月17日
昆山市,3205832012B00500,江苏省电力公司昆山市供电公司,玉山镇玉带北路南侧、山淞路东侧,0.593400,0.593400,公共设施用地,挂牌出让,50,公共设施管理业,六级,199.3824,,,0.50,2012年05月17日,2012年11月17日,2014年05月17日,,,昆山市,2012年02月17日
江都市,3210882012B00368,真武镇小商品市场地块,江都区真武镇小商品市场,0.001800,0.001800,批发零售用地,协议出让,40,零售业,一级,1.0850,王新华,,,1900年01月01日,1900年01月01日,1900年01月01日,,,扬州市江都区人民政府,2012年02月17日
赣榆县,3207212012A00198,客运总站,青口镇宋口村,9.831400,0.000000,公共设施用地,划拨,,道路运输业,未评估地区,0.0000,,1.00,,2012年02月29日,2012年03月31日,2013年03月31日,,,赣榆县国土资源局,2012年02月17日
金坛市,3204822012B00146,金坛市建设资产经营有限公司新建项目,东环一路西侧规划道路南侧地块二,3.102000,0.000000,中低价位、中小套型普通商品住房用地,挂牌出让,70,房地产业,五级,9306.0000,金坛市建设资产经营有限公司,1.00,2.50,2012年02月17日,2012年04月17日,2014年04月16日,,,金坛市,2012年02月17日
武进区,3204122012B00355,常州福地旺座房地产开发有限公司,洛阳镇珍珠市场地块（2012004）,0.869870,0.000000,其他普通商品住房用地,挂牌出让,其他普通商品住房用地70年，其他商服用地40年，中低价位、中小套型普通商品住房用地70年，廉租住房用地70年,房地产业,八级,2827.0775,常州福地旺座房地产开发有限公司,1.00,3.90,2012年03月31日,2012年09月30日,2015年09月29日,,,常州市,2012年02月17日
江都市,3210882012B00343,仙女镇龙桥新村2幢114号门市,仙女镇龙桥新村2幢114号门市,0.000500,0.000500,批发零售用地,协议出让,40,零售业,四级,0.3611,陈诚,,,1900年01月01日,1900年01月01日,1900年01月01日,,,扬州市江都区人民政府,2012年02月17日
金坛市,3204822012B00137,金坛市建设资产经营有限公司新建项目,东环一路西侧规划道路南侧地块三,1.554000,0.000000,中低价位、中小套型普通商品住房用地,挂牌出让,70,房地产业,五级,4662.0000,金坛市建设资产经营有限公司,1.00,2.50,2012年02月17日,2012年04月17日,2014年04月16日,,,金坛市,2012年02月17日
镇江市本级,3211002012B00158,镇江市恒昌经贸发展有限责任公司补办出让,电力路1号,0.084000,0.084000,商务金融用地,协议出让,40,其他金融服务,未评估地区,531.3320,镇江市恒昌经贸发展有限责任公司,,,2011年08月11日,2012年02月21日,2012年02月21日,,,镇江市人民政府,2012年02月17日
金坛市,3204822012B00109,金坛市建设资产经营有限公司新建项目,东环一路西侧规划道路南侧地块六,1.005100,0.000000,中低价位、中小套型普通商品住房用地,挂牌出让,70,房地产业,五级,3015.0000,金坛市建设资产经营有限公司,1.00,2.50,2012年02月17日,2012年04月17日,2014年04月16日,,,金坛市,2012年02月17日
贾汪区,3203052012B00246,徐州金柱房地产开发有限公司,贾汪区徐州工业园区，徐矿集团铁路专线东侧、苏州大道西延段南侧。,8.136300,8.136300,其他普通商品住房用地,挂牌出让,其他普通商品住房用地70年，批发零售用地40年,房地产业,未评估地区,5800.0000,徐州金柱房地产开发有限公司,1.00,1.30,2012年05月01日,2012年11月01日,2014年10月31日,,,贾汪区人民政府,2012年02月17日
贾汪区,3203052012B01715,徐州市贾汪区才源机械加工厂,徐州工业园区，310国道南侧、垃圾中转站北侧、机动车检测站东侧。,0.864000,0.864000,工业用地,挂牌出让,50,专用设备制造业,未评估地区,175.0000,徐州市贾汪区才源机械加工厂,0.70,,2012年05月01日,2012年11月01日,2014年10月31日,,,贾汪区人民政府,2012年02月17日
南宫市,1305812012B00011-1,南宫市博雅房地产开发有限公司,胜利大街南、公路站东侧,1.118200,1.118200,其他普通商品住房用地,挂牌出让,其他商服用地40年; 其他普通商品住房用地70年;,房地产业,二级,672.4500,南宫市博雅房地产开发有限公司,2.61,2.61,2012年02月20日,2012年02月23日,2014年02月23日,,,南宫市,2012年02月17日
贾汪区,3203052012B00046,徐州百大广场置业有限公司,贾汪区劳工街南侧、贾韩路东侧。,0.692100,0.692100,批发零售用地,挂牌出让,40,零售业,一级,2512.0000,徐州百大广场置业有限公司,3.00,4.00,2012年05月01日,2012年11月01日,2014年10月31日,,,贾汪区人民政府,2012年02月17日
江都市,3210882012B00375,邵伯镇甘棠路100号,江都区邵伯镇甘棠路100号,0.002800,0.002800,批发零售用地,协议出让,40,零售业,一级,1.5246,江都市荣华房地产开发有限公司,,,1900年01月01日,1900年01月01日,1900年01月01日,,,扬州市江都区人民政府,2012年02月17日
上海市本级,3101002012B13528,上海西郊经济开发区华新绿色工业园区2010-6号地块,____青浦区华新________镇,9.459830,0.000000,工业用地,挂牌出让,50,商务服务业,八级,17500.0000,上海顺衡物流有限公司,1.00,0.00,2012年04月26日,2013年03月07日,2016年03月07日,,,青浦区,2012年02月17日
北碚区,5001092012B00098,房地产开发项目,北碚区蔡家组团H分区H29-9/03地块,2.929000,0.000000,其他普通商品住房用地,挂牌出让,40,房地产业,六级,6589.0000,重庆中德地产集团有限公司,1.00,1.90,2012年06月30日,2012年12月30日,2014年12月30日,,,重庆市,2012年02月17日
如皋市,3206822012B00196,通信设备、计算机及其他电子设备制造,磨头镇塘湾村39组,2.134700,2.134700,工业用地,挂牌出让,50,通讯设备、计算机及其他电子设备制造业,九级,512.3280,南通皋鑫科技开发有限公司,1.10,0.00,2012年05月17日,2013年02月17日,2015年02月17日,,,如皋市,2012年02月17日
河间市,1309842012B00031-1,凯瑞化工股份有限公司,尊祖庄乡工业园区内,8.958990,0.000000,工业用地,协议出让,50,化学原料及化学制品制造业,未评估地区,1142.2300,凯瑞化工股份有限公司,0.60,0.00,2012年03月07日,2013年03月20日,2015年03月20日,,,河间市,2012年02月17日
